2500
000005 375 500 0
000007 333 500 0
000009 375 500 1
000012 333 500 0
000016 500 334 0
000017 364 480 1
000019 375 500 0
000020 500 375 0
000021 500 336 1
000023 500 334 1
000024 335 500 0
000026 333 500 0
000030 375 500 1
000032 281 500 1
000033 366 500 0
000034 500 360 0
000035 375 500 1
000036 500 332 0
000039 375 500 0
000041 333 500 1
000042 335 500 0
000044 333 500 0
000046 500 332 0
000047 333 500 0
000048 500 375 1
000050 375 500 1
000051 375 500 1
000052 333 500 0
000060 334 500 0
000061 333 500 0
000063 375 500 0
000064 500 496 0
000065 335 500 0
000066 375 500 1
000072 500 333 0
000073 500 375 1
000077 333 500 0
000078 419 500 0
000081 333 500 1
000083 333 500 1
000089 374 500 1
000091 375 500 0
000093 339 500 0
000095 323 500 0
000099 375 500 0
000101 333 500 1
000102 375 500 0
000104 333 500 1
000107 375 500 0
000109 254 500 0
000110 375 500 1
000112 500 333 0
000113 332 500 1
000117 333 500 0
000118 375 500 0
000120 400 500 0
000121 375 500 0
000122 480 475 0
000123 375 500 0
000125 375 500 1
000129 500 334 1
000130 375 500 0
000131 333 500 1
000132 421 500 0
000133 500 447 1
000134 371 500 0
000138 332 500 1
000140 401 500 0
000141 423 500 0
000142 375 500 0
000143 333 500 0
000146 500 374 1
000147 333 500 0
000150 333 500 1
000153 375 500 0
000154 333 500 0
000156 375 500 0
000158 375 500 0
000159 333 500 1
000161 390 500 0
000162 375 500 1
000163 432 500 1
000164 375 500 1
000165 386 500 1
000169 333 500 1
000170 375 500 1
000171 500 375 1
000173 480 394 1
000174 333 500 1
000177 375 500 1
000180 375 500 0
000184 375 500 0
000187 375 500 0
000189 375 500 0
000190 375 500 1
000192 375 500 1
000193 375 500 1
000194 224 320 1
000198 335 500 0
000200 249 500 1
000203 333 500 0
000207 500 334 0
000208 375 500 0
000209 375 500 0
000210 374 500 1
000211 375 500 0
000214 375 500 0
000215 468 500 0
000218 333 500 1
000219 500 333 0
000220 375 500 1
000221 332 500 0
000222 375 500 1
000224 375 500 0
000225 333 500 0
000228 333 500 0
000229 375 500 1
000232 375 500 1
000233 375 500 0
000235 375 500 0
000236 381 500 0
000241 375 500 0
000242 333 500 0
000244 333 500 0
000245 375 500 1
000246 375 500 0
000249 333 500 0
000250 375 500 0
000251 500 453 1
000256 343 500 0
000257 375 500 1
000259 362 500 1
000262 196 500 0
000263 500 375 0
000266 500 375 0
000268 333 500 0
000269 332 500 1
000270 323 500 0
000275 480 476 1
000276 500 375 1
000278 375 500 1
000282 374 500 1
000285 375 500 1
000288 333 500 1
000289 333 500 0
000294 375 500 0
000296 348 500 0
000298 388 500 1
000302 375 500 1
000303 377 500 0
000304 500 375 0
000305 500 333 1
000306 176 500 0
000307 375 500 0
000308 375 500 1
000311 375 500 0
000312 335 500 0
000317 354 500 0
000318 331 500 0
000320 500 375 1
000321 500 333 1
000322 332 500 1
000323 375 500 1
000325 375 500 0
000328 332 500 1
000329 333 500 0
000331 500 375 1
000332 333 500 0
000334 302 500 0
000336 430 500 0
000337 375 500 1
000338 333 500 1
000340 375 500 0
000343 375 500 0
000344 500 375 0
000347 357 466 0
000349 375 500 0
000352 375 500 1
000354 375 500 0
000355 333 500 0
000359 500 432 1
000363 333 500 0
000367 375 500 1
000370 374 500 0
000372 334 500 1
000373 500 333 0
000374 375 500 1
000379 375 500 0
000380 333 500 0
000381 500 375 0
000382 500 375 1
000387 333 500 0
000391 458 500 0
000394 375 500 1
000395 322 500 0
000396 375 500 0
000400 500 375 0
000403 375 500 0
000404 333 500 0
000406 375 500 1
000407 360 480 1
000408 500 375 0
000411 320 240 1
000416 375 500 0
000417 375 500 0
000419 375 500 1
000420 375 500 0
000424 325 500 0
000427 334 500 0
000428 414 500 1
000430 375 500 0
000431 375 500 0
000433 370 500 1
000435 332 500 1
000438 332 500 1
000439 333 500 0
000443 464 500 1
000446 500 332 1
000448 375 500 1
000450 500 375 0
000454 297 500 0
000459 334 500 0
000460 375 500 0
000461 333 500 0
000462 375 500 0
000463 175 500 1
000464 500 375 0
000468 500 333 1
000469 375 500 0
000470 375 500 1
000474 375 500 0
000476 375 500 1
000477 333 500 1
000480 375 500 1
000482 334 500 1
000483 480 383 1
000484 375 500 0
000486 500 375 0
000489 375 500 0
000491 334 500 0
000492 375 500 0
000494 500 375 0
000496 375 500 0
000498 500 326 1
000499 375 500 1
000500 375 500 1
000501 500 389 0
000503 375 500 0
000508 375 500 0
000509 375 500 0
000513 333 500 0
000514 375 500 0
000515 375 500 1
000516 375 500 1
000518 333 500 1
000519 375 500 0
000520 500 334 1
000522 375 500 0
000523 500 375 1
000524 322 500 1
000525 331 500 1
000526 333 500 1
000528 375 500 0
000530 500 332 1
000531 375 500 1
000535 374 500 1
000537 400 500 0
000540 335 500 0
000541 333 500 1
000543 375 500 0
000544 333 500 0
000545 500 375 1
000549 500 375 0
000550 375 500 0
000552 331 500 0
000554 375 500 1
000555 375 500 1
000559 370 500 0
000563 375 500 0
000564 333 500 0
000565 375 500 0
000577 333 500 0
000579 332 500 1
000581 332 500 0
000582 500 375 0
000583 276 500 1
000588 375 500 0
000589 375 500 1
000590 337 500 0
000591 333 500 1
000592 375 500 0
000597 375 500 1
000598 344 500 0
000599 375 500 0
000601 348 500 0
000605 375 500 0
000608 375 500 0
000609 375 500 0
000610 335 500 0
000612 500 375 1
000613 333 500 1
000619 333 500 0
000620 344 500 0
000622 375 500 0
000625 375 500 1
000626 400 500 1
000628 392 500 1
000632 375 500 0
000633 375 500 1
000635 375 500 0
000637 375 500 0
000645 375 500 0
000647 333 500 0
000648 333 500 1
000653 375 500 0
000654 333 500 1
000656 333 500 0
000657 333 500 0
000660 332 500 0
000661 375 500 0
000663 500 422 0
000667 500 434 0
000671 500 326 0
000672 375 500 0
000675 335 500 0
000676 375 500 0
000677 500 333 1
000680 375 500 0
000682 375 500 0
000684 500 375 1
000685 375 500 0
000686 375 500 0
000688 317 500 1
000689 353 500 0
000690 375 500 1
000694 375 500 1
000695 375 500 1
000699 381 500 0
000700 333 500 0
000702 375 500 1
000705 234 500 0
000707 500 375 0
000709 377 500 1
000710 500 375 0
000711 375 500 0
000712 341 500 0
000713 336 500 0
000714 335 500 0
000717 375 500 1
000720 333 500 0
000726 333 500 1
000728 333 500 0
000729 500 375 0
000730 333 500 0
000731 500 329 1
000733 435 450 1
000738 332 500 0
000739 374 500 1
000740 375 500 0
000742 338 500 1
000746 333 500 0
000748 292 500 0
000750 500 375 1
000752 332 500 1
000753 375 500 1
000754 261 500 0
000755 375 500 1
000756 500 365 0
000760 332 500 1
000761 375 500 0
000763 333 500 0
000764 332 500 0
000767 375 500 0
000768 375 500 0
000770 375 500 1
000771 500 375 0
000772 480 360 0
000774 313 500 0
000776 200 500 0
000777 333 500 1
000780 375 500 0
000782 500 330 1
000786 335 500 1
000787 371 500 0
000791 332 500 0
000793 375 500 1
000794 375 500 0
000796 375 500 0
000797 375 500 1
000799 441 500 1
000800 375 500 0
000802 375 500 1
000804 500 333 0
000805 500 375 1
000806 500 333 1
000808 333 500 0
000810 375 500 1
000812 333 500 1
000814 500 348 1
000815 374 500 0
000816 500 500 1
000818 287 500 0
000820 375 500 0
000822 374 500 0
000823 334 500 0
000826 478 500 0
000827 333 500 0
000828 500 375 1
000829 375 500 1
000830 375 500 0
000831 500 335 0
000832 500 375 0
000834 375 500 1
000842 356 500 1
000843 333 500 1
000845 335 500 0
000847 500 375 1
000848 334 500 1
000849 368 200 0
000850 375 500 0
000851 375 500 1
000854 375 500 1
000855 500 375 1
000857 375 500 0
000859 333 500 1
000860 353 500 1
000862 375 500 1
000863 317 500 0
000865 375 500 1
000867 500 375 0
000868 375 500 0
000871 375 500 0
000872 375 500 0
000874 332 500 1
000876 334 500 0
000878 333 500 1
000879 375 500 1
000880 369 500 0
000882 357 500 0
000885 456 500 1
000887 320 500 0
000888 347 500 0
000889 500 374 0
000892 375 500 1
000895 375 500 1
000896 375 500 0
000898 375 500 1
000899 333 500 0
000900 375 500 0
000902 399 500 1
000903 500 416 1
000904 375 500 1
000906 375 500 1
000908 375 500 0
000911 324 500 1
000912 334 500 0
000915 375 500 1
000917 360 480 0
000918 500 333 1
000919 331 500 0
000920 379 500 1
000921 375 500 0
000923 375 500 0
000926 500 375 1
000929 375 500 0
000931 375 500 0
000934 333 500 0
000935 375 500 0
000936 334 500 0
000937 375 500 1
000943 375 500 1
000946 375 500 0
000947 500 238 0
000948 375 500 1
000949 500 340 1
000950 331 500 0
000951 375 500 0
000954 332 500 0
000958 300 400 0
000962 375 500 0
000964 333 500 0
000965 500 375 0
000966 353 500 1
000967 375 500 1
000971 375 500 1
000972 375 500 0
000973 375 500 0
000977 333 500 0
000980 333 500 0
000982 377 500 1
000987 447 500 1
000989 333 500 0
000991 480 318 1
000993 493 500 0
000996 375 500 1
000997 375 500 0
000999 500 375 1
001001 375 500 1
001002 500 375 0
001004 375 500 0
001008 375 500 0
001009 375 500 0
001010 375 500 0
001011 375 500 1
001012 333 500 0
001014 375 500 1
001015 333 500 0
001017 500 333 1
001018 375 500 0
001024 375 500 1
001027 375 500 0
001028 500 406 1
001036 375 500 1
001041 375 500 0
001042 375 500 1
001043 333 500 0
001045 500 375 0
001050 375 500 1
001052 375 500 0
001053 500 323 0
001056 334 500 0
001057 335 500 1
001060 378 500 1
001061 375 500 1
001062 500 375 0
001064 216 320 1
001066 329 500 1
001068 332 500 0
001069 375 500 0
001071 500 332 1
001072 386 500 1
001073 375 500 0
001074 285 500 0
001077 375 500 0
001078 375 500 0
001079 375 500 1
001082 375 500 0
001083 333 500 0
001084 480 318 1
001091 375 500 1
001092 334 500 1
001093 400 500 0
001097 334 500 1
001101 333 500 1
001102 334 500 0
001104 334 500 0
001106 375 500 0
001107 332 500 0
001109 333 500 1
001110 375 500 0
001112 335 500 0
001113 375 500 1
001119 333 500 0
001121 500 375 0
001124 326 500 0
001125 333 500 1
001127 375 500 0
001129 270 500 1
001130 375 500 0
001136 500 500 0
001137 333 500 1
001140 500 375 1
001142 375 500 0
001143 500 375 0
001144 333 500 0
001145 500 375 1
001147 333 500 1
001148 375 500 0
001149 375 500 0
001151 331 500 1
001152 336 448 1
001154 375 500 0
001156 399 500 0
001158 375 500 0
001160 333 500 0
001161 375 500 0
001164 375 500 1
001166 375 500 0
001168 375 500 1
001170 375 500 1
001171 331 500 1
001172 187 500 0
001174 375 500 0
001175 375 500 1
001176 375 500 0
001182 375 500 0
001184 375 500 0
001185 375 500 1
001186 500 375 1
001187 500 375 0
001191 375 500 0
001192 375 500 0
001194 375 500 0
001199 375 500 0
001200 339 500 0
001201 333 500 1
001203 240 350 0
001204 375 500 0
001205 335 500 0
001206 375 500 1
001207 375 500 0
001209 375 500 0
001211 500 409 0
001212 375 500 1
001214 375 500 0
001215 375 500 0
001221 500 332 1
001224 333 500 1
001225 500 387 0
001226 333 500 0
001229 375 500 1
001230 399 500 0
001231 375 500 0
001233 500 333 0
001234 500 260 1
001236 399 500 1
001237 375 500 0
001239 375 500 0
001240 375 500 1
001241 500 375 1
001247 334 500 0
001248 375 500 1
001250 288 432 0
001254 332 500 1
001258 375 500 0
001259 334 500 1
001260 375 500 0
001263 375 500 0
001265 500 327 1
001266 332 500 1
001268 333 500 0
001269 333 500 1
001270 357 500 0
001272 414 500 1
001273 500 440 0
001274 500 375 0
001277 332 500 0
001279 500 375 1
001281 333 500 1
001284 375 500 1
001286 331 500 0
001287 401 500 1
001288 342 500 0
001289 309 500 0
001290 410 500 0
001292 375 500 1
001293 492 500 0
001294 375 500 0
001298 375 500 1
001299 500 429 0
001304 500 333 1
001309 500 348 1
001310 375 500 1
001311 319 500 1
001312 375 500 0
001314 333 500 0
001315 400 300 1
001316 375 500 0
001323 375 500 0
001324 333 500 0
001325 379 500 1
001326 375 500 0
001327 500 375 1
001330 375 500 1
001332 500 375 0
001333 375 500 1
001334 375 500 0
001337 480 318 1
001341 377 500 0
001343 375 500 0
001345 375 500 0
001346 229 500 1
001348 333 500 0
001350 375 500 1
001352 276 500 1
001360 326 500 0
001361 333 500 0
001362 500 333 1
001364 333 500 0
001365 331 500 0
001371 375 500 0
001375 410 500 0
001378 500 383 1
001383 375 500 0
001384 375 500 0
001385 332 500 0
001386 375 500 0
001387 500 375 0
001388 414 500 1
001390 333 500 1
001393 375 500 1
001395 375 500 0
001397 500 333 0
001400 500 375 0
001402 375 500 0
001404 375 500 0
001405 500 332 1
001406 375 500 1
001408 500 333 1
001409 333 500 1
001413 375 500 0
001414 375 500 1
001418 480 405 0
001420 332 500 1
001421 500 375 1
001426 500 333 1
001427 500 369 1
001430 375 500 1
001432 375 500 0
001434 332 500 1
001436 335 500 0
001439 500 375 0
001441 376 500 0
001442 333 500 0
001443 374 500 0
001444 375 500 0
001445 375 500 1
001450 331 500 1
001451 334 500 1
001453 375 500 0
001455 374 500 1
001457 375 500 0
001460 333 500 1
001463 375 500 1
001464 215 500 0
001465 375 500 0
001466 333 500 0
001467 375 500 0
001468 267 400 0
001470 375 500 0
001472 375 500 1
001475 362 500 1
001479 375 500 1
001480 376 500 1
001481 375 500 0
001483 333 500 0
001484 300 476 1
001485 333 500 1
001486 375 500 0
001488 333 500 0
001490 333 500 0
001492 334 500 0
001493 375 500 1
001494 375 500 0
001497 375 500 0
001498 500 375 1
001499 375 500 1
001501 374 500 1
001504 500 375 1
001509 500 315 1
001510 375 500 1
001512 333 500 0
001514 333 500 1
001515 500 409 0
001517 375 500 0
001521 500 375 1
001522 375 500 0
001523 375 500 1
001524 370 500 1
001526 298 500 1
001528 500 383 0
001529 375 500 0
001531 375 500 1
001532 340 425 1
001536 375 500 1
001537 332 500 1
001539 375 500 0
001541 332 500 0
001543 375 500 0
001544 375 500 1
001545 375 500 0
001548 375 500 1
001553 387 500 0
001554 375 500 1
001555 375 500 0
001556 332 500 0
001557 139 500 1
001559 480 360 0
001561 375 500 1
001563 333 500 1
001565 332 500 0
001571 331 500 1
001576 375 500 0
001577 375 500 1
001579 500 375 1
001580 375 500 1
001582 375 500 0
001586 398 480 1
001588 333 500 0
001590 500 375 0
001593 500 423 1
001594 333 500 1
001595 375 500 0
001597 375 500 0
001598 333 500 0
001603 333 500 1
001604 375 500 0
001607 375 500 0
001608 375 500 1
001610 375 500 0
001611 500 495 1
001612 333 500 0
001614 375 500 0
001617 331 500 1
001618 333 500 0
001622 500 375 1
001627 500 375 1
001628 394 480 1
001630 500 375 1
001632 375 500 0
001633 375 500 0
001636 375 500 0
001638 333 500 0
001640 375 500 1
001642 463 381 0
001643 333 500 0
001647 500 375 0
001649 500 444 1
001650 333 500 0
001651 500 375 1
001653 375 500 0
001654 375 500 1
001661 375 500 0
001662 375 500 0
001669 500 375 0
001673 375 500 0
001675 333 500 0
001676 236 500 0
001677 375 500 0
001678 333 500 1
001680 500 375 0
001682 333 500 1
001683 375 500 0
001684 422 500 0
001685 375 500 0
001686 500 375 1
001688 375 500 0
001689 500 375 1
001690 332 500 1
001691 375 500 1
001693 333 500 0
001699 332 500 0
001707 500 426 0
001708 369 500 0
001711 375 500 1
001713 435 500 0
001714 500 332 0
001717 404 500 1
001718 333 500 0
001721 341 500 1
001723 500 333 1
001724 315 275 0
001725 500 375 1
001726 375 500 1
001727 318 480 1
001729 333 500 1
001730 375 500 1
001732 332 500 0
001733 500 500 0
001734 375 500 0
001738 375 500 0
001739 500 333 0
001741 254 400 0
001746 375 500 0
001747 375 500 0
001749 500 375 1
001750 333 500 0
001752 500 375 0
001754 500 375 1
001755 333 500 0
001756 500 375 1
001758 500 374 1
001759 375 500 1
001761 333 500 0
001765 375 500 0
001766 375 500 1
001768 500 375 0
001771 375 500 0
001772 500 374 1
001775 333 500 1
001777 334 500 0
001778 375 500 0
001780 333 500 0
001782 429 500 0
001784 335 500 1
001785 333 500 1
001787 375 500 0
001789 375 500 1
001793 500 375 1
001795 375 500 1
001797 375 500 1
001799 392 500 1
001800 500 375 1
001801 375 500 1
001806 500 328 1
001807 333 500 1
001809 500 436 1
001810 375 500 1
001816 375 500 0
001818 332 500 0
001821 375 500 0
001825 375 500 0
001827 375 500 0
001828 500 333 1
001830 500 373 1
001832 375 500 1
001833 375 500 1
001834 334 500 0
001836 375 500 1
001837 500 375 1
001840 375 500 0
001841 500 375 1
001842 379 500 0
001843 375 500 1
001845 375 500 0
001847 370 500 0
001849 375 500 1
001853 375 500 0
001854 499 333 1
001855 375 500 0
001858 333 500 0
001860 285 400 0
001861 363 500 1
001862 375 500 0
001864 375 500 1
001870 400 400 0
001872 375 500 0
001875 375 500 0
001877 333 500 0
001878 375 500 0
001881 375 500 1
001882 333 500 0
001887 375 500 1
001888 500 375 0
001892 375 500 0
001894 375 500 1
001896 375 500 0
001898 500 374 0
001899 332 500 1
001901 500 375 0
001902 375 500 1
001903 333 500 1
001904 335 500 1
001906 301 500 0
001907 375 500 0
001911 333 500 0
001915 375 500 0
001918 375 500 1
001920 375 500 1
001922 400 500 0
001927 332 500 1
001928 500 500 0
001930 346 500 1
001931 333 500 0
001932 373 500 1
001933 375 500 0
001934 291 322 0
001936 333 500 0
001937 500 375 0
001938 375 500 1
001940 500 333 0
001941 375 500 1
001944 375 500 1
001945 480 318 1
001948 333 500 0
001950 375 500 1
001952 397 500 0
001954 375 500 0
001958 375 500 1
001960 500 329 0
001962 333 500 0
001963 375 500 1
001964 375 500 0
001970 375 500 0
001971 375 500 0
001972 500 333 0
001976 383 500 0
001977 310 500 1
001978 334 500 1
001980 375 500 1
001981 375 500 0
001982 375 500 0
001985 500 333 0
001989 375 500 1
001995 500 375 0
001999 375 500 1
002000 375 500 1
002001 375 500 0
002002 375 500 0
002004 500 375 0
002006 375 500 0
002011 375 500 0
002012 500 375 1
002015 375 500 0
002019 333 500 0
002020 333 500 0
002021 333 500 0
002022 333 500 1
002023 362 500 0
002024 375 500 1
002025 500 375 0
002027 375 500 0
002030 375 500 1
002034 288 500 0
002036 325 500 0
002037 375 500 0
002039 332 500 0
002042 360 480 0
002043 500 454 0
002045 379 500 0
002047 375 500 0
002049 315 500 0
002051 500 333 1
002054 414 500 0
002055 375 500 1
002056 500 375 0
002058 333 500 0
002061 375 500 1
002063 500 375 0
002064 375 500 0
002067 333 500 0
002068 335 500 0
002069 375 500 1
002070 189 500 0
002082 302 500 1
002083 375 500 0
002086 375 500 0
002088 332 500 0
002090 300 400 1
002091 375 500 1
002094 332 500 0
002095 383 293 0
002096 500 334 1
002098 375 500 0
002099 375 500 0
002101 500 333 0
002102 283 500 0
002104 332 500 1
002108 375 500 1
002109 300 400 0
002112 500 375 0
002114 375 500 1
002116 375 500 1
002117 500 375 1
002120 335 500 1
002124 333 500 0
002125 375 500 0
002126 375 500 0
002129 379 500 0
002132 375 500 0
002134 375 500 0
002135 500 375 0
002136 375 500 0
002139 500 400 0
002140 500 375 0
002142 333 500 1
002145 500 340 1
002146 500 375 0
002151 500 375 0
002152 500 500 0
002153 375 500 0
002155 333 500 0
002156 375 500 1
002158 300 500 0
002163 375 500 1
002165 500 331 0
002166 337 500 0
002169 500 334 1
002170 375 500 1
002171 500 375 1
002172 375 500 1
002174 333 500 1
002176 404 500 1
002178 375 500 0
002179 375 500 0
002180 375 500 1
002181 375 500 0
002182 333 500 0
002183 327 500 1
002184 375 500 0
002186 375 500 1
002187 332 500 1
002190 333 500 1
002191 375 500 0
002192 375 500 0
002193 375 500 1
002194 333 500 1
002196 500 375 0
002197 375 500 0
002199 372 500 0
002201 375 500 0
002202 364 500 0
002208 375 500 0
002209 500 500 0
002212 334 500 0
002213 380 464 1
002214 375 500 1
002215 261 500 0
002218 327 500 0
002219 375 500 1
002220 375 500 1
002221 500 375 1
002224 375 500 1
002226 333 500 1
002228 375 500 0
002233 500 273 1
002234 375 500 0
002237 375 500 0
002238 327 500 1
002241 379 500 1
002244 333 500 1
002247 500 375 0
002248 375 500 0
002249 332 500 0
002251 375 500 0
002253 385 500 0
002255 336 392 0
002256 375 500 1
002257 375 500 0
002259 333 500 0
002260 330 500 0
002261 332 500 1
002263 375 500 0
002265 500 333 1
002266 373 500 0
002267 333 500 0
002268 375 500 0
002270 375 500 0
002272 375 500 1
002273 212 320 1
002276 333 500 0
002277 500 383 1
002278 375 500 0
002279 333 500 0
002280 351 500 0
002281 238 500 1
002284 500 375 0
002285 333 500 1
002287 375 500 0
002288 332 500 1
002290 468 500 1
002291 433 500 0
002293 500 332 1
002300 375 500 0
002302 375 500 1
002305 375 500 0
002306 360 270 1
002307 333 500 1
002308 500 375 0
002310 333 500 0
002311 375 500 1
002315 333 500 0
002318 375 500 0
002320 335 500 0
002321 500 335 0
002323 375 500 0
002324 375 500 1
002328 375 500 0
002329 375 500 1
002330 357 500 0
002332 375 500 1
002333 335 500 0
002334 375 500 0
002335 375 500 0
002337 333 500 1
002340 375 500 0
002342 500 376 1
002343 375 500 0
002345 500 375 0
002347 375 500 0
002348 333 500 0
002350 500 375 0
002352 198 500 0
002354 375 500 0
002355 375 500 0
002359 375 500 0
002361 500 375 1
002362 375 500 1
002364 329 500 0
002366 375 500 0
002367 375 500 1
002368 500 333 0
002369 375 500 0
002371 357 500 0
002372 500 400 1
002373 332 500 0
002374 332 500 0
002375 427 500 0
002376 333 500 0
002377 375 500 0
002378 375 500 1
002382 240 360 1
002384 375 500 1
002385 375 500 1
002387 375 500 1
002391 360 237 0
002392 375 500 0
002393 334 500 0
002401 500 333 1
002403 375 500 1
002404 375 500 0
002405 431 500 1
002407 500 375 0
002410 375 500 1
002411 375 500 0
002413 500 375 1
002415 500 332 0
002417 500 500 0
002419 344 500 1
002420 333 500 0
002423 361 500 0
002425 500 375 1
002427 240 320 0
002433 375 500 1
002435 375 500 0
002436 375 500 0
002437 338 500 0
002439 375 500 0
002441 375 500 0
002442 500 375 0
002443 500 333 1
002444 375 500 1
002445 500 360 0
002448 480 412 1
002450 423 500 1
002452 375 500 0
002454 334 500 0
002456 375 500 0
002458 375 500 1
002459 322 500 1
002460 375 500 1
002461 375 500 0
002462 375 500 0
002465 375 500 0
002466 333 500 0
002468 358 500 0
002470 500 417 0
002471 375 500 0
002472 375 500 1
002476 333 500 1
002477 375 500 1
002478 375 500 0
002479 375 500 0
002480 375 500 0
002481 500 334 1
002483 375 500 1
002490 375 500 0
002491 500 375 1
002492 375 500 0
002493 375 500 0
002494 375 500 0
002496 404 500 0
002497 375 500 1
002500 500 375 0
002501 375 500 1
002502 500 335 0
002504 374 500 1
002505 375 500 0
002508 333 500 0
002512 375 500 0
002513 375 500 0
002514 333 500 1
002518 332 500 1
002519 375 500 0
002520 332 500 1
002523 375 500 0
002524 500 333 1
002525 375 500 0
002529 375 500 1
002533 375 500 1
002534 333 500 0
002537 391 458 0
002539 333 500 1
002540 375 500 1
002542 375 500 1
002544 375 500 0
002545 500 375 1
002546 375 500 0
002547 375 500 0
002549 375 500 0
002554 332 500 1
002555 375 500 1
002558 375 500 1
002559 375 500 0
002561 375 500 1
002563 334 500 1
002564 333 500 1
002565 375 500 1
002566 375 500 1
002567 375 500 0
002569 500 378 0
002571 333 500 0
002572 333 500 1
002578 375 500 0
002579 500 384 0
002584 500 304 1
002585 331 500 1
002586 500 500 0
002589 300 400 1
002590 500 375 0
002593 375 500 0
002594 235 500 0
002595 375 500 1
002598 500 333 0
002599 375 500 0
002600 375 500 0
002603 375 500 0
002605 333 500 0
002606 335 500 0
002609 342 500 0
002611 375 500 1
002613 375 500 1
002615 333 500 0
002618 384 500 0
002621 375 500 0
002625 375 500 1
002627 500 375 0
002632 352 288 1
002633 500 332 1
002634 339 500 0
002635 334 500 0
002636 375 500 1
002637 375 500 1
002641 375 500 1
002643 375 500 1
002645 332 500 0
002646 375 500 0
002647 333 500 0
002648 375 500 0
002649 320 500 1
002653 375 500 0
002657 375 500 1
002658 333 500 1
002659 375 500 0
002662 378 500 1
002664 335 500 0
002666 500 334 0
002667 333 500 0
002668 375 500 1
002669 375 500 1
002670 500 375 0
002675 333 500 1
002677 500 333 0
002678 318 480 1
002680 334 500 0
002682 375 500 0
002683 375 500 0
002684 500 447 0
002689 375 500 1
002690 500 375 0
002691 375 500 1
002693 335 500 1
002695 375 500 0
002696 500 400 1
002697 498 480 0
002699 375 500 0
002702 500 333 0
002704 500 334 0
002706 333 500 0
002709 432 500 0
002710 331 500 1
002713 500 375 1
002714 375 500 1
002715 375 500 1
002717 375 500 0
002718 375 500 0
002721 357 500 0
002722 375 500 0
002723 375 500 1
002727 333 500 1
002730 333 500 1
002732 400 500 0
002734 374 500 0
002735 480 423 1
002737 335 500 0
002738 281 500 0
002741 333 500 1
002744 378 500 1
002745 500 375 0
002747 375 500 0
002749 375 500 0
002751 375 500 1
002755 375 500 1
002757 381 500 0
002759 374 500 1
002760 333 500 0
002762 375 500 0
002763 375 500 0
002765 332 500 0
002766 375 500 0
002767 375 500 1
002772 375 500 0
002774 375 500 0
002775 500 375 0
002776 332 500 1
002778 375 500 0
002779 331 500 0
002782 333 500 0
002783 375 500 0
002784 500 333 0
002785 333 500 0
002786 332 500 1
002791 319 500 0
002794 375 500 0
002795 375 500 1
002796 500 332 0
002798 375 500 1
002800 425 488 0
002801 375 500 0
002803 375 500 1
002804 375 500 1
002807 500 471 1
002810 325 500 0
002812 375 500 0
002815 500 333 1
002816 375 500 0
002817 375 500 0
002820 371 500 0
002826 500 333 1
002827 331 500 1
002833 333 500 0
002834 488 500 1
002835 272 500 0
002836 333 500 0
002838 321 500 1
002841 500 375 1
002842 332 500 1
002844 325 500 0
002845 500 375 0
002847 333 500 0
002848 96 500 0
002854 333 500 0
002855 375 500 1
002858 500 333 1
002859 375 500 1
002864 375 500 1
002866 375 500 0
002867 500 374 1
002868 375 500 0
002869 333 500 0
002870 333 500 1
002873 375 500 0
002875 375 500 0
002879 375 500 1
002880 500 455 0
002881 500 500 1
002884 333 500 1
002886 375 500 1
002889 333 500 1
002891 360 500 0
002893 375 500 0
002896 500 375 0
002899 500 375 1
002901 375 500 1
002906 500 375 0
002910 375 500 0
002912 500 375 1
002913 312 500 1
002914 375 500 1
002915 375 500 1
002916 500 375 1
002917 375 500 0
002919 375 500 0
002924 322 500 0
002931 375 500 1
002932 500 375 1
002933 341 500 1
002934 500 393 0
002935 235 314 1
002937 333 500 0
002938 321 500 0
002939 375 500 1
002940 375 500 1
002941 375 500 0
002942 333 500 0
002943 375 500 0
002944 500 335 0
002946 375 500 0
002947 500 375 0
002952 375 500 0
002953 370 500 0
002954 375 500 1
002956 375 500 0
002957 375 500 0
002958 333 500 1
002960 333 500 1
002962 334 500 1
002963 375 500 0
002965 375 500 1
002966 334 500 0
002967 500 336 0
002969 375 500 0
002975 285 500 1
002976 500 251 1
002977 374 500 0
002978 375 500 0
002984 330 500 0
002986 375 500 0
002987 334 500 1
002988 375 500 1
002989 333 500 0
002990 375 500 1
002992 500 333 1
002994 375 500 0
002995 500 408 0
003000 333 500 0
003002 500 375 1
003003 375 500 1
003004 375 500 0
003005 375 500 0
003007 332 500 0
003008 333 500 0
003009 494 500 0
003011 375 500 0
003013 375 500 0
003015 375 500 0
003017 311 500 1
003021 375 500 0
003023 500 381 1
003024 208 500 1
003027 318 480 1
003028 334 500 0
003031 375 500 1
003032 375 500 0
003034 375 500 1
003038 335 500 0
003039 375 500 1
003042 375 500 1
003044 500 375 1
003045 375 500 0
003047 377 500 0
003051 333 500 0
003053 333 500 0
003054 375 500 0
003056 375 500 0
003057 500 375 1
003058 500 396 1
003061 333 500 0
003063 500 375 1
003064 500 375 1
003065 333 500 1
003066 426 500 0
003072 333 500 0
003074 333 500 0
003077 332 500 1
003078 500 500 1
003082 407 500 0
003083 500 375 0
003085 376 500 0
003086 375 500 1
003088 375 500 1
003089 333 500 1
003090 345 500 0
003092 334 500 0
003093 375 500 0
003094 333 500 0
003098 352 500 0
003100 375 400 1
003102 500 333 1
003103 226 361 0
003105 333 500 0
003106 375 500 1
003107 500 332 1
003108 375 500 0
003110 358 500 0
003112 449 500 0
003116 400 500 0
003117 333 500 0
003118 333 500 1
003120 375 500 0
003121 333 500 1
003122 375 500 1
003124 375 500 1
003126 375 500 0
003127 375 500 0
003129 375 500 1
003133 333 500 0
003134 366 500 1
003135 375 500 0
003137 375 500 0
003138 375 500 1
003140 335 500 1
003142 375 500 0
003145 375 500 1
003146 375 500 0
003147 332 500 1
003149 375 500 0
003150 375 500 1
003154 375 500 0
003155 500 333 0
003157 500 375 0
003159 360 480 1
003161 328 500 0
003162 366 500 1
003163 295 500 0
003164 375 500 0
003165 355 323 0
003169 375 500 0
003170 375 500 1
003175 500 333 1
003176 500 375 0
003177 500 375 0
003178 375 500 0
003181 375 500 1
003183 375 500 0
003184 375 500 0
003185 375 500 1
003186 332 500 0
003188 375 500 1
003189 500 458 1
003194 333 500 0
003195 333 500 0
003199 333 500 0
003200 379 500 0
003202 375 500 0
003204 375 500 0
003205 500 333 1
003207 333 500 0
003210 480 351 1
003211 375 500 0
003213 334 500 1
003214 375 500 0
003216 333 500 0
003218 334 500 1
003219 500 334 0
003223 500 375 0
003228 333 500 1
003229 375 500 0
003231 500 375 0
003233 375 500 0
003236 375 500 1
003239 375 500 0
003240 500 374 0
003242 375 500 0
003243 375 500 0
003244 375 500 0
003247 375 500 1
003250 333 500 0
003253 430 500 1
003254 375 500 0
003255 375 500 0
003256 375 500 0
003258 333 500 0
003259 333 500 1
003260 500 326 1
003261 375 500 1
003262 375 500 0
003269 375 500 0
003270 333 500 1
003271 375 500 0
003272 335 500 0
003273 500 375 0
003274 375 500 0
003279 400 500 0
003280 333 500 1
003282 500 334 1
003284 375 500 1
003285 281 500 0
003290 332 500 1
003292 240 360 1
003293 500 333 0
003294 500 332 0
003296 374 500 1
003299 335 500 0
003300 375 500 0
003301 333 500 1
003303 500 332 1
003307 299 338 0
003308 500 375 0
003311 375 500 1
003313 333 500 1
003316 403 500 0
003320 333 500 1
003325 375 500 0
003327 500 375 1
003330 333 500 0
003331 333 500 1
003335 375 500 1
003336 375 500 0
003337 375 500 0
003338 329 500 0
003339 288 432 0
003343 375 500 0
003344 333 500 1
003349 333 500 0
003350 334 500 1
003351 375 500 0
003354 331 500 0
003355 335 500 1
003356 375 500 0
003359 382 500 0
003360 500 333 1
003362 332 500 1
003363 500 334 0
003365 333 500 0
003367 375 500 1
003369 375 500 1
003370 332 500 0
003373 375 500 1
003374 359 480 0
003376 375 500 1
003377 500 375 0
003379 333 500 0
003380 375 500 1
003382 500 375 1
003386 281 500 1
003390 375 500 1
003391 375 500 1
003392 375 500 0
003395 500 375 1
003396 344 500 1
003397 375 500 1
003398 375 500 0
003401 281 500 0
003403 334 500 1
003404 375 500 0
003406 375 500 1
003407 375 500 1
003408 375 500 0
003410 375 500 0
003412 500 332 1
003413 375 500 0
003415 374 500 0
003416 333 500 1
003417 335 500 1
003419 375 500 0
003420 375 500 0
003421 500 375 0
003422 375 500 1
003424 500 333 1
003425 375 500 0
003429 351 480 1
003430 375 500 0
003433 500 375 1
003435 334 500 1
003436 375 500 1
003439 333 500 0
003441 375 500 0
003443 375 500 0
003444 270 369 0
003449 375 500 0
003450 388 500 1
003451 333 500 0
003452 500 333 0
003453 375 500 1
003455 333 500 1
003458 500 328 0
003461 333 500 0
003462 375 500 1
003464 327 500 0
003465 375 500 1
003466 375 500 1
003468 375 500 1
003469 375 500 1
003470 500 333 1
003477 375 500 0
003484 333 500 1
003487 375 500 1
003489 375 500 0
003491 375 500 0
003492 366 500 1
003493 372 500 0
003496 333 500 1
003497 335 500 0
003499 375 500 0
003500 375 500 0
003506 332 500 0
003508 500 333 0
003509 500 375 0
003510 375 500 1
003511 332 500 0
003516 333 500 0
003518 333 500 1
003519 375 500 0
003521 375 500 1
003522 375 500 0
003524 500 459 0
003525 375 500 0
003528 375 500 1
003529 333 500 1
003530 375 500 1
003536 375 500 1
003537 291 500 0
003539 375 500 1
003546 375 500 0
003548 375 500 1
003549 278 370 0
003550 500 333 1
003551 375 500 0
003554 333 500 0
003555 375 500 0
003556 500 357 1
003564 335 500 0
003565 375 500 0
003566 500 375 1
003567 331 500 1
003575 375 500 1
003576 265 500 1
003577 375 500 1
003580 500 398 1
003585 500 333 1
003586 212 320 0
003587 361 500 0
003588 333 500 0
003589 358 500 1
003593 333 500 0
003594 482 500 0
003596 375 500 0
003597 500 421 0
003599 332 500 0
003603 375 500 1
003604 375 500 0
003605 386 500 0
003606 375 500 0
003608 375 500 0
003609 270 360 0
003611 375 500 1
003614 375 500 0
003618 332 500 1
003620 333 500 0
003621 343 500 1
003622 375 500 0
003623 375 500 0
003625 332 500 1
003627 333 500 0
003628 333 500 1
003629 375 500 0
003632 375 500 0
003634 281 500 0
003635 375 500 0
003636 375 500 0
003638 375 500 1
003639 375 500 0
003640 375 500 0
003642 260 500 0
003644 281 500 1
003645 330 500 1
003646 375 500 0
003648 375 500 1
003651 360 480 1
003654 500 375 1
003655 500 375 1
003656 313 500 0
003657 344 500 0
003658 341 500 0
003660 500 375 0
003662 500 333 1
003663 333 500 1
003664 375 500 1
003667 500 448 0
003669 375 500 1
003671 333 500 0
003673 375 500 0
003674 375 500 0
003675 333 500 0
003678 332 500 1
003679 332 500 0
003681 375 500 0
003684 500 375 0
003685 375 500 1
003688 333 500 1
003690 375 500 1
003691 500 333 1
003694 333 500 1
003695 318 480 0
003696 332 500 1
003698 375 500 0
003699 375 500 1
003700 375 500 1
003703 375 500 1
003704 375 500 0
003705 375 500 0
003706 375 500 1
003708 500 375 1
003709 375 500 0
003711 396 500 1
003713 375 500 0
003714 375 500 0
003717 334 500 1
003721 333 500 0
003722 339 500 0
003727 500 333 0
003729 375 500 0
003732 500 375 1
003735 345 480 1
003740 375 500 1
003743 281 500 0
003748 375 500 0
003749 375 500 1
003750 375 500 0
003751 334 500 1
003752 375 500 0
003753 375 500 0
003754 357 500 0
003758 333 500 0
003759 375 500 1
003760 375 500 1
003763 375 500 0
003767 375 500 0
003772 375 500 0
003773 333 500 0
003774 375 500 0
003779 465 480 1
003780 500 375 1
003781 375 500 1
003783 500 375 0
003784 500 328 0
003786 281 500 0
003788 281 500 0
003790 375 500 0
003791 375 500 0
003792 338 500 0
003793 500 375 0
003796 375 500 0
003797 414 500 1
003798 389 500 0
003803 500 375 0
003806 282 500 0
003807 375 500 0
003808 333 500 0
003809 333 500 0
003811 374 500 1
003814 374 500 0
003817 333 500 1
003818 335 500 0
003820 375 500 1
003821 375 500 0
003824 500 333 1
003826 331 500 1
003827 330 500 1
003828 500 403 0
003830 344 500 0
003834 375 500 0
003835 375 500 0
003837 500 375 0
003838 375 500 1
003844 375 500 0
003845 375 500 0
003846 333 500 0
003847 375 500 1
003848 176 500 0
003849 332 500 1
003855 375 500 1
003856 370 500 1
003857 500 375 0
003859 500 375 1
003860 333 500 1
003861 334 500 0
003863 335 500 1
003865 375 500 1
003866 338 500 0
003868 375 500 1
003869 333 500 1
003871 500 333 0
003872 375 500 0
003874 375 500 0
003876 382 500 0
003877 375 500 1
003879 375 500 1
003885 500 375 0
003886 332 500 0
003887 500 361 0
003889 318 480 1
003890 500 374 0
003891 500 332 1
003895 332 500 0
003898 185 500 0
003899 375 500 1
003905 357 500 0
003907 375 500 0
003911 293 500 0
003912 394 500 0
003913 375 500 1
003915 375 500 1
003918 500 396 0
003919 375 500 0
003921 375 500 0
003923 333 500 1
003924 500 375 0
003926 500 339 0
003932 500 375 1
003935 375 500 0
003936 330 500 0
003937 333 500 0
003939 198 500 1
003941 375 500 0
003945 334 500 1
003946 500 333 1
003947 500 375 0
003948 224 320 1
003949 332 500 0
003953 500 375 1
003954 333 500 0
003956 500 375 0
003957 332 500 0
003960 375 500 1
003961 500 375 1
003963 375 500 1
003965 375 500 0
003966 500 375 1
003969 334 500 0
003970 480 318 1
003971 375 500 0
003973 375 500 1
003974 380 500 1
003979 333 500 0
003983 333 500 0
003984 387 500 0
003986 375 500 1
003987 500 333 0
003988 336 448 0
003990 375 500 0
003991 389 500 0
003992 334 500 1
003993 333 500 0
003994 375 500 1
003996 375 500 1
003997 322 500 0
003998 375 500 0
004003 375 500 0
004005 373 500 0
004008 333 500 1
004009 366 500 0
004010 418 500 1
004011 333 500 0
004012 500 375 1
004013 423 500 0
004014 500 375 1
004015 375 500 0
004016 375 500 1
004017 375 500 1
004019 375 500 1
004020 375 500 1
004023 375 500 0
004025 333 500 0
004028 375 500 1
004031 375 500 1
004033 342 500 1
004034 500 375 0
004035 375 500 0
004037 500 338 0
004039 500 375 1
004046 335 500 1
004047 471 500 1
004051 403 480 1
004052 319 500 0
004057 329 500 0
004058 500 333 1
004060 375 500 1
004066 375 500 0
004067 331 500 1
004069 375 500 0
004073 375 500 1
004075 500 375 1
004076 375 500 0
004077 375 500 1
004082 375 500 0
004085 375 500 1
004087 375 500 0
004089 334 500 1
004091 375 500 1
004092 375 500 1
004093 333 500 0
004095 334 500 0
004100 333 500 0
004102 375 500 0
004105 375 500 0
004106 375 500 0
004108 333 500 0
004110 375 500 1
004111 375 500 1
004113 375 500 0
004117 348 480 1
004120 333 500 0
004121 332 500 1
004122 500 375 1
004129 375 500 0
004131 333 500 0
004133 334 500 1
004135 333 500 0
004136 375 500 1
004137 375 500 1
004138 480 320 1
004140 375 500 0
004141 500 420 1
004142 375 500 1
004143 375 500 0
004145 375 500 1
004146 375 500 0
004148 332 500 0
004149 375 500 0
004150 500 333 0
004152 500 375 0
004158 333 500 1
004163 500 500 0
004164 375 500 0
004168 439 500 1
004169 500 333 1
004170 335 500 1
004171 500 446 0
004174 454 500 0
004178 307 500 0
004185 375 500 0
004186 375 500 0
004189 333 500 0
004190 375 500 0
004191 500 332 1
004192 375 500 0
004193 375 500 0
004194 500 455 0
004195 375 500 1
004196 336 500 0
004200 270 375 0
004201 375 500 1
004203 385 500 0
004204 375 500 0
004205 333 500 1
004209 375 500 1
004212 375 500 0
004215 375 500 0
004220 333 500 0
004221 375 500 0
004223 327 500 1
004224 375 500 1
004228 294 500 0
004229 375 500 1
004230 333 500 1
004231 354 500 1
004232 263 500 1
004237 375 500 1
004239 500 333 0
004241 375 500 0
004242 375 500 0
004244 375 500 1
004246 375 500 1
004247 400 500 0
004253 375 500 0
004255 376 500 0
004256 323 500 0
004257 375 500 1
004258 375 500 1
004259 375 500 1
004263 335 500 0
004264 375 500 0
004265 375 500 1
004269 332 500 1
004270 375 500 1
004271 500 432 0
004272 500 375 0
004273 375 500 1
004274 375 500 0
004275 500 375 1
004279 375 500 1
004280 500 333 0
004281 375 500 1
004283 500 375 0
004284 263 500 0
004286 333 500 0
004287 400 500 1
004291 500 375 1
004292 500 374 1
004293 374 500 0
004295 375 500 0
004296 500 375 1
004298 375 500 1
004300 375 500 0
004303 281 500 0
004304 375 500 1
004307 332 500 0
004310 333 500 0
004312 375 500 0
004315 500 335 0
004318 500 375 0
004321 333 500 1
004322 500 333 1
004323 500 332 1
004325 500 390 0
004326 349 500 0
004327 422 500 1
004329 375 500 1
004331 375 500 0
004333 375 500 0
004338 333 500 0
004339 500 332 1
004341 375 500 0
004345 332 500 0
004346 375 500 1
004347 333 500 0
004349 376 500 0
004351 333 500 0
004352 375 500 0
004354 333 500 0
004356 375 500 1
004359 375 500 1
004360 500 333 1
004361 375 500 1
004364 332 500 0
004365 374 500 0
004367 375 500 0
004368 374 500 0
004369 375 500 0
004370 333 500 1
004371 491 500 0
004372 332 500 1
004376 374 500 0
004379 375 500 0
004380 500 333 1
004384 375 500 1
004386 333 500 0
004387 375 500 1
004389 500 327 1
004390 333 500 0
004391 333 500 0
004392 375 500 1
004396 375 500 0
004397 500 377 1
004404 375 500 1
004405 500 333 0
004409 323 500 0
004411 375 500 0
004421 500 375 0
004423 375 500 0
004424 500 375 1
004429 374 500 0
004430 333 500 0
004432 500 500 0
004433 500 342 1
004434 375 500 0
004436 500 332 0
004437 375 500 1
004438 360 480 1
004439 334 500 0
004441 500 374 0
004446 375 500 0
004450 500 333 0
004452 375 500 0
004455 333 500 0
004457 375 500 1
004459 375 500 1
004463 324 432 1
004464 375 500 1
004466 375 500 1
004468 500 174 0
004470 375 500 1
004471 500 281 1
004474 375 500 0
004479 375 500 1
004481 411 500 1
004484 375 500 0
004487 500 334 1
004488 375 500 0
004490 375 500 0
004493 375 500 0
004494 332 500 1
004495 375 500 1
004496 333 500 1
004498 500 332 0
004499 375 500 1
004500 360 480 0
004502 413 500 0
004507 375 500 0
004508 334 500 1
004509 500 333 1
004510 375 500 0
004512 332 500 1
004514 375 500 0
004517 500 421 1
004518 375 500 1
004519 375 500 0
004520 478 500 1
004524 375 500 0
004526 375 500 0
004527 500 500 0
004528 500 310 1
004530 375 500 1
004532 374 500 0
004535 445 480 1
004537 388 500 1
004539 375 500 0
004540 500 333 0
004542 376 500 1
004544 334 500 0
004548 367 500 0
004549 375 500 0
004551 375 500 0
004552 375 500 0
004553 334 500 1
004555 333 500 0
004558 500 333 0
004562 500 375 1
004563 333 500 1
004565 500 500 0
004566 375 500 0
004570 375 500 0
004571 323 500 1
004574 500 334 1
004576 333 500 0
004579 372 500 0
004581 333 500 0
004584 375 500 0
004585 375 500 0
004587 500 333 0
004588 500 411 1
004591 333 500 0
004592 375 500 0
004595 375 500 1
004597 375 500 0
004600 375 500 0
004601 333 500 1
004604 375 500 1
004605 333 500 1
004606 375 500 0
004607 375 500 1
004609 500 375 1
004611 375 500 1
004612 332 500 0
004618 500 375 0
004622 500 375 1
004623 378 500 0
004625 375 500 0
004626 333 500 0
004627 375 500 0
004628 333 500 0
004630 375 500 1
004631 500 375 1
004632 375 500 0
004634 500 460 0
004636 280 500 0
004643 374 500 0
004644 333 500 0
004647 333 500 1
004648 375 500 1
004649 335 500 0
004651 375 500 0
004652 333 500 0
004653 500 333 1
004654 357 500 0
004655 350 500 0
004656 500 375 1
004660 375 500 1
004662 500 332 1
004671 500 317 0
004672 375 500 1
004673 333 500 1
004674 333 500 0
004675 190 500 0
004676 375 500 1
004679 375 500 1
004682 375 500 0
004683 375 500 0
004685 500 333 1
004686 322 500 1
004687 375 500 1
004689 375 500 0
004691 375 500 0
004692 500 375 1
004693 333 500 1
004694 500 252 1
004699 378 500 1
004701 375 500 0
004702 307 500 0
004705 330 500 0
004706 357 500 1
004707 500 375 1
004708 375 500 0
004710 331 500 0
004714 375 500 0
004715 375 500 1
004718 375 500 1
004719 333 500 0
004722 375 500 1
004723 375 500 1
004727 500 500 1
004732 500 375 1
004735 375 500 0
004737 333 500 0
004742 375 500 1
004743 375 500 0
004746 335 500 0
004747 375 500 0
004748 375 500 0
004750 331 500 1
004753 375 500 1
004754 500 375 0
004760 375 500 1
004761 500 375 1
004768 375 500 0
004770 500 335 1
004773 500 375 0
004776 375 500 0
004777 395 500 0
004779 375 500 1
004782 334 500 1
004783 334 500 0
004785 331 500 0
004786 375 500 0
004788 388 480 1
004789 332 500 1
004790 375 500 1
004792 500 375 0
004793 375 500 0
004794 329 500 0
004796 375 500 1
004797 333 500 1
004799 500 341 0
004801 333 500 1
004805 333 500 0
004808 375 500 0
004812 362 500 1
004814 333 500 0
004815 332 500 1
004816 333 500 0
004818 400 500 0
004823 375 500 0
004825 500 375 0
004826 375 500 1
004828 483 500 1
004830 333 500 1
004831 333 500 1
004832 471 474 1
004834 480 387 1
004836 446 500 0
004837 375 500 0
004839 500 332 0
004840 375 500 1
004841 375 500 0
004842 333 500 0
004846 338 500 1
004848 490 500 0
004849 500 336 0
004850 375 500 0
004852 375 500 1
004856 500 368 0
004857 375 500 1
004859 500 375 1
004863 375 500 0
004866 375 500 0
004867 333 500 0
004868 375 500 1
004869 500 350 0
004872 375 500 1
004873 375 500 0
004876 248 500 0
004878 375 500 0
004879 330 500 1
004882 333 500 1
004885 375 500 0
004886 375 500 1
004890 380 500 0
004895 371 500 0
004896 332 500 0
004897 333 500 1
004898 375 500 1
004902 375 500 1
004903 331 500 0
004905 333 500 0
004907 333 500 0
004910 500 333 0
004911 375 500 0
004912 375 500 0
004913 375 500 1
004916 333 500 1
004926 375 500 0
004928 333 500 1
004929 375 500 0
004931 375 500 1
004935 500 332 1
004936 375 500 0
004938 375 500 0
004939 333 500 1
004943 333 500 1
004946 500 375 1
004948 375 500 0
004950 196 320 1
004951 375 500 0
004953 358 500 1
004954 500 450 1
004955 374 500 0
004956 500 333 0
004958 333 500 0
004960 500 426 0
004961 333 500 0
004962 333 500 0
004963 334 500 0
004966 326 500 0
004967 357 500 0
004968 500 329 1
004972 500 393 0
004973 375 500 0
004974 329 500 0
004976 338 500 1
004977 375 500 1
004982 333 500 0
004983 500 338 0
004984 375 500 0
004985 375 500 1
004986 500 375 0
004987 500 307 1
004990 375 500 1
004991 375 500 0
