499
000005 375 500 8
000007 333 500 6
000009 375 500 12 14
000012 333 500 6
000016 500 334 1
000017 364 480 12 14
000019 375 500 7
000020 500 375 6
000021 500 336 11 14
000023 500 334 1 14
000024 335 500 18
000026 333 500 6
000030 375 500 1 14
000032 281 500 0 14
000033 366 500 0
000034 500 360 18
000035 375 500 10 14
000036 500 332 11
000039 375 500 19
000041 333 500 14 19
000042 335 500 18
000044 333 500 7 8
000046 500 332 2
000047 333 500 6 8
000048 500 375 2 14
000050 375 500 4 8 14
000051 375 500 13 14
000052 333 500 15
000060 334 500 6
000061 333 500 3
000063 375 500 8 11
000064 500 496 2
000065 335 500 11
000066 375 500 14
000072 500 333 13
000073 500 375 3 14 15
000077 333 500 7
000078 419 500 11
000081 333 500 14 17
000083 333 500 6 14
000089 374 500 8 14
000091 375 500 6
000093 339 500 8 11
000095 323 500 18
000099 375 500 7
000101 333 500 8 14
000102 375 500 17
000104 333 500 14 19
000107 375 500 9 16
000109 254 500 2
000110 375 500 14
000112 500 333 8 11
000113 332 500 14
000117 333 500 0
000118 375 500 7
000120 400 500 11
000121 375 500 19
000122 480 475 7
000123 375 500 18
000125 375 500 1 14
000129 500 334 1 14
000130 375 500 3
000131 333 500 6 14
000132 421 500 5
000133 500 447 12 14
000134 371 500 6
000138 332 500 14
000140 401 500 11 17
000141 423 500 2
000142 375 500 6
000143 333 500 7
000146 500 374 14
000147 333 500 8
000150 333 500 12 14
000153 375 500 6
000154 333 500 3
000156 375 500 6 17
000158 375 500 2
000159 333 500 6 14
000161 390 500 6
000162 375 500 14 19
000163 432 500 13 14
000164 375 500 13 14
000165 386 500 14
000169 333 500 6 14
000170 375 500 4 14
000171 500 375 11 14
000173 480 394 12 14
000174 333 500 14
000177 375 500 10 14
000180 375 500 6
000184 375 500 3
000187 375 500 19
000189 375 500 2
000190 375 500 5 14
000192 375 500 8 14
000193 375 500 14 17
000194 224 320 12 14
000198 335 500 18
000200 249 500 4 14
000203 333 500 8
000207 500 334 5
000208 375 500 8 10 17
000209 375 500 7
000210 374 500 6 14
000211 375 500 9
000214 375 500 12
000215 468 500 7
000218 333 500 8 11 14
000219 500 333 13
000220 375 500 6 14
000221 332 500 6
000222 375 500 4 8 10 14
000224 375 500 4 19
000225 333 500 16
000228 333 500 0
000229 375 500 4 8 10 14
000232 375 500 3 9 14
000233 375 500 6 16
000235 375 500 8 10 15 17
000236 381 500 2
000241 375 500 3
000242 333 500 7
000244 333 500 16
000245 375 500 6 14
000246 375 500 11
000249 333 500 8 10
000250 375 500 4 10
000251 500 453 6 14
000256 343 500 0
000257 375 500 14 19
000259 362 500 14
000262 196 500 6
000263 500 375 6
000266 500 375 11 17
000268 333 500 0
000269 332 500 4 14
000270 323 500 18
000275 480 476 12 14
000276 500 375 14
000278 375 500 11 14
000282 374 500 8 14
000285 375 500 8 14
000288 333 500 5 6 14
000289 333 500 6
000294 375 500 2
000296 348 500 3 6
000298 388 500 14
000302 375 500 6 13 14
000303 377 500 6
000304 500 375 19
000305 500 333 1 14
000306 176 500 9
000307 375 500 15
000308 375 500 10 14
000311 375 500 6
000312 335 500 18
000317 354 500 6
000318 331 500 6
000320 500 375 6 14
000321 500 333 14
000322 332 500 14
000323 375 500 14
000325 375 500 0
000328 332 500 12 14
000329 333 500 6
000331 500 375 8 14
000332 333 500 12
000334 302 500 6
000336 430 500 11
000337 375 500 1 14
000338 333 500 6 14
000340 375 500 2
000343 375 500 6
000344 500 375 4
000347 357 466 12
000349 375 500 8 10 19
000352 375 500 14 17
000354 375 500 7
000355 333 500 6
000359 500 432 8 11 14
000363 333 500 2
000367 375 500 4 6 14
000370 374 500 3
000372 334 500 12 14
000373 500 333 6
000374 375 500 13 14
000379 375 500 1
000380 333 500 1
000381 500 375 4 8 10
000382 500 375 3 14
000387 333 500 6
000391 458 500 15
000394 375 500 10 14
000395 322 500 2
000396 375 500 6
000400 500 375 7
000403 375 500 7
000404 333 500 6
000406 375 500 6 14
000407 360 480 12 14
000408 500 375 9
000411 320 240 14
000416 375 500 16
000417 375 500 9
000419 375 500 13 14
000420 375 500 6
000424 325 500 2
000427 334 500 13
000428 414 500 8 10 14
000430 375 500 7
000431 375 500 0 6
000433 370 500 8 14
000435 332 500 12 14
000438 332 500 14
000439 333 500 18
000443 464 500 11 14
000446 500 332 14
000448 375 500 10 14
000450 500 375 18
000454 297 500 11
000459 334 500 8 10
000460 375 500 8
000461 333 500 6
000462 375 500 9
000463 175 500 6 13 14
000464 500 375 9
000468 500 333 14
000469 375 500 6
000470 375 500 12 14
000474 375 500 3 6
000476 375 500 11 14 17
000477 333 500 1 5 6 14
000480 375 500 0 14
000482 334 500 14 18
000483 480 383 12 14
000484 375 500 15
000486 500 375 7
000489 375 500 2
000491 334 500 9
000492 375 500 8 10
000494 500 375 6
000496 375 500 8 10
000498 500 326 4 14
000499 375 500 13 14
000500 375 500 1 14
000501 500 389 11
000503 375 500 17
000508 375 500 2
000509 375 500 6
000513 333 500 3
000514 375 500 0
000515 375 500 1 6 14
000516 375 500 7 14 17
000518 333 500 5 14
000519 375 500 3
000520 500 334 14
000522 375 500 6
000523 500 375 12 14
000524 322 500 12 14
000525 331 500 13 14
000526 333 500 8 14
000528 375 500 7
000530 500 332 14 17
000531 375 500 4 14
000535 374 500 1 14
000537 400 500 11
000540 335 500 18
000541 333 500 6 14
000543 375 500 6
000544 333 500 7
000545 500 375 6 14
000549 500 375 7
000550 375 500 8 10
000552 331 500 0
000554 375 500 6 14 17
000555 375 500 8 14 17
000559 370 500 4 19
000563 375 500 3
000564 333 500 4 8 10
000565 375 500 1
000577 333 500 12
000579 332 500 6 13 14
000581 332 500 16
000582 500 375 11
000583 276 500 13 14
000588 375 500 16
000589 375 500 14
000590 337 500 6
000591 333 500 8 10 14
000592 375 500 8 15 17 19
000597 375 500 8 14 19
000598 344 500 8 19
000599 375 500 8 17
000601 348 500 15
000605 375 500 6
000608 375 500 3
000609 375 500 11
000610 335 500 0
000612 500 375 14 18
000613 333 500 8 10 14
000619 333 500 2
000620 344 500 6
000622 375 500 9
000625 375 500 8 14
000626 400 500 14 19
000628 392 500 6 14 15
000632 375 500 8 17 19
000633 375 500 14 19
000635 375 500 18
000637 375 500 1
000645 375 500 2
000647 333 500 0
000648 333 500 0 5 6 14
000653 375 500 6
000654 333 500 11 14 16
000656 333 500 11
000657 333 500 0
000660 332 500 17
000661 375 500 8 15 17
000663 500 422 5 6
000667 500 434 12
000671 500 326 1
000672 375 500 6
000675 335 500 18
000676 375 500 16
000677 500 333 14
000680 375 500 2
000682 375 500 2
000684 500 375 4 8 14
000685 375 500 13
000686 375 500 13
000688 317 500 6 14
000689 353 500 18
000690 375 500 1 7 14
000694 375 500 14
000695 375 500 12 14
000699 381 500 8 11
000700 333 500 6
000702 375 500 12 14
000705 234 500 7
000707 500 375 8 19
000709 377 500 8 14 17
000710 500 375 7 8 15
000711 375 500 15
000712 341 500 18
000713 336 500 3
000714 335 500 2
000717 375 500 8 14
000720 333 500 11
000726 333 500 4 14
000728 333 500 9
000729 500 375 15
000730 333 500 0
000731 500 329 2 14
000733 435 450 13 14
000738 332 500 0
000739 374 500 14
000740 375 500 3
000742 338 500 3 14
000746 333 500 11
000748 292 500 5
000750 500 375 14
000752 332 500 14 17
000753 375 500 4 10 14
000754 261 500 1 5 6
000755 375 500 1 14
000756 500 365 11
000760 332 500 12 14
000761 375 500 8 17 19
000763 333 500 0
000764 332 500 12
000767 375 500 9
000768 375 500 5
000770 375 500 1 9 13 14
000771 500 375 8 17
000772 480 360 11
000774 313 500 18
000776 200 500 6
000777 333 500 11 14
000780 375 500 8 15
000782 500 330 5 14
000786 335 500 9 14
000787 371 500 6
000791 332 500 18
000793 375 500 1 5 14
000794 375 500 7
000796 375 500 2
000797 375 500 11 14 17
000799 441 500 12 14
000800 375 500 6
000802 375 500 1 14
000804 500 333 8 17
000805 500 375 11 14
000806 500 333 14
000808 333 500 9
000810 375 500 14
000812 333 500 1 14
000814 500 348 14
000815 374 500 0
000816 500 500 1 14
000818 287 500 6 18
000820 375 500 16
000822 374 500 13
000823 334 500 6
000826 478 500 3
000827 333 500 9
000828 500 375 14
000829 375 500 1 5 6 14
000830 375 500 8 10
000831 500 335 18
000832 500 375 2
000834 375 500 9 14
000842 356 500 11 14
000843 333 500 14 19
000845 335 500 0
000847 500 375 10 14
000848 334 500 8 14 17
000849 368 200 11
000850 375 500 2
000851 375 500 13 14
000854 375 500 8 14 15 17
000855 500 375 1 5 6 14
000857 375 500 7
000859 333 500 8 14 17
000860 353 500 6 14
000862 375 500 3 14
000863 317 500 18
000865 375 500 4 8 10 14 15
000867 500 375 15
000868 375 500 15 17
000871 375 500 6
000872 375 500 0
000874 332 500 14
000876 334 500 7
000878 333 500 1 14
000879 375 500 12 14
000880 369 500 2 9
000882 357 500 11
000885 456 500 1 14
000887 320 500 0
000888 347 500 6
000889 500 374 15
000892 375 500 13 14
000895 375 500 14
000896 375 500 0
000898 375 500 14 17
000899 333 500 18
000900 375 500 16
000902 399 500 11 14
000903 500 416 8 14
000904 375 500 9 12 14
000906 375 500 3 6 14
000908 375 500 0
000911 324 500 1 5 6 14
000912 334 500 7
000915 375 500 8 10 14
000917 360 480 2 8 15
000918 500 333 8 14
000919 331 500 11
000920 379 500 14 18
000921 375 500 7 8
000923 375 500 15 17 19
000926 500 375 14
000929 375 500 4 8 10
000931 375 500 3
000934 333 500 0
000935 375 500 6
000936 334 500 0
000937 375 500 6 14
000943 375 500 8 14 17
000946 375 500 18
000947 500 238 11
000948 375 500 8 14 19
000949 500 340 1 14
000950 331 500 8 10
000951 375 500 4
000954 332 500 2
000958 300 400 11
000962 375 500 7 15
000964 333 500 2
000965 500 375 7 11 17
000966 353 500 14 18
000967 375 500 14 18
000971 375 500 5 14
000972 375 500 6
000973 375 500 1
000977 333 500 6
000980 333 500 2
000982 377 500 0 14
000987 447 500 6 13 14
000989 333 500 19
000991 480 318 12 14
000993 493 500 18
000996 375 500 8 10 14
000997 375 500 17 19
000999 500 375 4 14
001001 375 500 7 14
001002 500 375 3
