500
002988 375 500 14
002989 333 500 8 17 19
002990 375 500 9 14
002992 500 333 1 14
002994 375 500 6
002995 500 408 7
003000 333 500 0
003002 500 375 14 15
003003 375 500 14
003004 375 500 7 8 15 17
003005 375 500 8 17 19
003007 332 500 6
003008 333 500 3
003009 494 500 6
003011 375 500 8 10 17 19
003013 375 500 6
003015 375 500 12
003017 311 500 12 14
003021 375 500 5
003023 500 381 8 14
003024 208 500 1 8 14 15 17 19
003027 318 480 6 12 14
003028 334 500 0
003031 375 500 7 14
003032 375 500 0 6
003034 375 500 8 10 14 15 17
003038 335 500 18
003039 375 500 14
003042 375 500 8 10 14
003044 500 375 14 15
003045 375 500 7
003047 377 500 1
003051 333 500 6
003053 333 500 6 18
003054 375 500 6 17
003056 375 500 4 8 10 17
003057 500 375 6 13 14
003058 500 396 14
003061 333 500 8
003063 500 375 14 17
003064 500 375 14
003065 333 500 3 14
003066 426 500 2
003072 333 500 2
003074 333 500 2
003077 332 500 8 14 17
003078 500 500 8 14
003082 407 500 2
003083 500 375 5 6
003085 376 500 7
003086 375 500 14
003088 375 500 4 14
003089 333 500 13 14
003090 345 500 18
003092 334 500 6
003093 375 500 15
003094 333 500 6
003098 352 500 3
003100 375 400 11 14
003102 500 333 1 14
003103 226 361 6
003105 333 500 9
003106 375 500 7 14
003107 500 332 14
003108 375 500 4 17
003110 358 500 11
003112 449 500 2
003116 400 500 2
003117 333 500 6
003118 333 500 2 14
003120 375 500 8 10 17 19
003121 333 500 12 14
003122 375 500 4 14
003124 375 500 13 14
003126 375 500 2
003127 375 500 7
003129 375 500 8 14
003133 333 500 0
003134 366 500 14
003135 375 500 18
003137 375 500 5
003138 375 500 14
003140 335 500 14
003142 375 500 1
003145 375 500 14
003146 375 500 15
003147 332 500 11 14
003149 375 500 4
003150 375 500 14 17
003154 375 500 5
003155 500 333 2
003157 500 375 19
003159 360 480 4 14
003161 328 500 11 16
003162 366 500 13 14
003163 295 500 5
003164 375 500 18
003165 355 323 6
003169 375 500 7 17
003170 375 500 14 16
003175 500 333 1 14
003176 500 375 6
003177 500 375 11
003178 375 500 18
003181 375 500 4 14
003183 375 500 0
003184 375 500 7
003185 375 500 4 8 14
003186 332 500 8 15 17
003188 375 500 1 14
003189 500 458 12 14 15
003194 333 500 11
003195 333 500 5 6
003199 333 500 2
003200 379 500 0
003202 375 500 8 10 15
003204 375 500 19
003205 500 333 8 14
003207 333 500 4
003210 480 351 12 14
003211 375 500 15
003213 334 500 7 14
003214 375 500 6
003216 333 500 8 11
003218 334 500 1 14
003219 500 334 4 8 10
003223 500 375 3
003228 333 500 5 6 11 14
003229 375 500 0
003231 500 375 6
003233 375 500 0
003236 375 500 14 17
003239 375 500 8 15
003240 500 374 1 6
003242 375 500 2
003243 375 500 6
003244 375 500 18
003247 375 500 4 14
003250 333 500 2
003253 430 500 11 14
003254 375 500 2
003255 375 500 17
003256 375 500 2 6
003258 333 500 17 19
003259 333 500 4 8 10 14
003260 500 326 14 19
003261 375 500 6 14
003262 375 500 4
003269 375 500 4
003270 333 500 2 14
003271 375 500 6
003272 335 500 7
003273 500 375 2
003274 375 500 11
003279 400 500 17
003280 333 500 14
003282 500 334 14
003284 375 500 3 8 10 11 14 15 17
003285 281 500 6
003290 332 500 12 14
003292 240 360 14
003293 500 333 11
003294 500 332 12
003296 374 500 14
003299 335 500 0
003300 375 500 8 10 17 19
003301 333 500 8 11 14 15
003303 500 332 12 14
003307 299 338 12
003308 500 375 7 8
003311 375 500 5 14
003313 333 500 6 14
003316 403 500 2
003320 333 500 14
003325 375 500 11
003327 500 375 13 14
003330 333 500 2
003331 333 500 6 14
003335 375 500 8 14
003336 375 500 13
003337 375 500 3
003338 329 500 2
003339 288 432 11
003343 375 500 11
003344 333 500 6 14
003349 333 500 2
003350 334 500 8 10 14
003351 375 500 7
003354 331 500 9
003355 335 500 6 14
003356 375 500 19
003359 382 500 6
003360 500 333 8 11 14
003362 332 500 12 14
003363 500 334 6
003365 333 500 0
003367 375 500 13 14 15
003369 375 500 0 14 19
003370 332 500 18
003373 375 500 11 14
003374 359 480 11 15 19
003376 375 500 4 8 14
003377 500 375 2
003379 333 500 6
003380 375 500 14
003382 500 375 14 16
003386 281 500 0 14
003390 375 500 6 14
003391 375 500 13 14
003392 375 500 7
003395 500 375 1 14 17
003396 344 500 13 14
003397 375 500 6 14
003398 375 500 19
003401 281 500 8 19
003403 334 500 12 14
003404 375 500 3
003406 375 500 6 14
003407 375 500 5 14
003408 375 500 17
003410 375 500 9
003412 500 332 13 14
003413 375 500 3
003415 374 500 7
003416 333 500 2 14
003417 335 500 14 18
003419 375 500 15
003420 375 500 6
003421 500 375 8
003422 375 500 8 10 14
003424 500 333 12 14
003425 375 500 11
003429 351 480 12 14
003430 375 500 11
003433 500 375 1 8 14
003435 334 500 14
003436 375 500 12 14 15
003439 333 500 9
003441 375 500 5
003443 375 500 11
003444 270 369 17
003449 375 500 4 19
003450 388 500 14 15 17
003451 333 500 4 8 17 19
003452 500 333 8 10
003453 375 500 14 17
003455 333 500 0 14
003458 500 328 2
003461 333 500 6 8
003462 375 500 11 14 15
003464 327 500 18
003465 375 500 14
003466 375 500 10 14 15
003468 375 500 1 14
003469 375 500 1 14
003470 500 333 13 14
003477 375 500 8
003484 333 500 6 14
003487 375 500 14 19
003489 375 500 11
003491 375 500 11
003492 366 500 12 14
003493 372 500 0
003496 333 500 4 14
003497 335 500 18
003499 375 500 18
003500 375 500 7
003506 332 500 15
003508 500 333 11
003509 500 375 15
003510 375 500 8 14
003511 332 500 1
003516 333 500 8 10
003518 333 500 8 14
003519 375 500 2
003521 375 500 8 14
003522 375 500 7
003524 500 459 2
003525 375 500 7
003528 375 500 14 17
003529 333 500 10 14
003530 375 500 14 17
003536 375 500 11 14
003537 291 500 18
003539 375 500 13 14
003546 375 500 7
003548 375 500 14
003549 278 370 1
003550 500 333 14
003551 375 500 6
003554 333 500 0
003555 375 500 6 15
003556 500 357 4 14
003564 335 500 18
003565 375 500 2
003566 500 375 4 14
003567 331 500 13 14
003575 375 500 14 17
003576 265 500 5 13 14
003577 375 500 4 10 14
003580 500 398 14
003585 500 333 13 14
003586 212 320 7
003587 361 500 6 18
003588 333 500 8
003589 358 500 1 14
003593 333 500 16
003594 482 500 2
003596 375 500 6
003597 500 421 18
003599 332 500 1
003603 375 500 10 14
003604 375 500 11 19
003605 386 500 18
003606 375 500 6
003608 375 500 6
003609 270 360 8 17
003611 375 500 12 14
003614 375 500 2
003618 332 500 12 14
003620 333 500 7
003621 343 500 1 5 14
003622 375 500 15
003623 375 500 2
003625 332 500 12 14
003627 333 500 11
003628 333 500 14 18
003629 375 500 15
003632 375 500 11
003634 281 500 6
003635 375 500 5
003636 375 500 5 6
003638 375 500 8 10 14
003639 375 500 3
003640 375 500 9
003642 260 500 5
003644 281 500 8 10 14
003645 330 500 12 14
003646 375 500 2
003648 375 500 14 17
003651 360 480 14 18
003654 500 375 14
003655 500 375 6 14
003656 313 500 7
003657 344 500 3
003658 341 500 1
003660 500 375 19
003662 500 333 8 14 19
003663 333 500 14
003664 375 500 8 14
003667 500 448 0
003669 375 500 3 14
003671 333 500 11
003673 375 500 11
003674 375 500 7
003675 333 500 2
003678 332 500 4 10 14 19
003679 332 500 2
003681 375 500 11 16
003684 500 375 13
003685 375 500 14 18
003688 333 500 14
003690 375 500 14 17
003691 500 333 12 14
003694 333 500 8 14 15 17 19
003695 318 480 18
003696 332 500 12 14
003698 375 500 16
003699 375 500 14 15 17
003700 375 500 14
003703 375 500 6 14
003704 375 500 2
003705 375 500 16
003706 375 500 13 14
003708 500 375 8 10 14
003709 375 500 18
003711 396 500 5 6 14
003713 375 500 6
003714 375 500 16
003717 334 500 1 14
003721 333 500 6
003722 339 500 3
003727 500 333 2
003729 375 500 4
003732 500 375 12 14
003735 345 480 12 14
003740 375 500 11 14
003743 281 500 17
003748 375 500 2
003749 375 500 14
003750 375 500 2 9
003751 334 500 7 8 14 17 19
003752 375 500 18
003753 375 500 8 11
003754 357 500 12
003758 333 500 15
003759 375 500 14 19
003760 375 500 11 13 14
003763 375 500 7
003767 375 500 8
003772 375 500 12
003773 333 500 0
003774 375 500 11
003779 465 480 12 14
003780 500 375 7 14 19
003781 375 500 14
003783 500 375 4
003784 500 328 1
003786 281 500 5
003788 281 500 7 8
003790 375 500 6
003791 375 500 8 10 15
003792 338 500 11
003793 500 375 7 17
003796 375 500 15
003797 414 500 3 14
003798 389 500 6
003803 500 375 2
003806 282 500 6
003807 375 500 7
003808 333 500 19
003809 333 500 6
003811 374 500 3 14
003814 374 500 7
003817 333 500 14
003818 335 500 18
003820 375 500 6 14
003821 375 500 11
003824 500 333 6 13 14
003826 331 500 13 14
003827 330 500 1 14
003828 500 403 2
003830 344 500 18
003834 375 500 15
003835 375 500 5 6
003837 500 375 8
003838 375 500 14
003844 375 500 7
003845 375 500 17
003846 333 500 11
003847 375 500 14
003848 176 500 18
003849 332 500 13 14
003855 375 500 1 13 14
003856 370 500 14
003857 500 375 8
003859 500 375 4 8 10 14
003860 333 500 3 14
003861 334 500 3
003863 335 500 3 14
003865 375 500 4 8 10 14
003866 338 500 18
003868 375 500 14
003869 333 500 11 14
003871 500 333 2
003872 375 500 11
003874 375 500 16
003876 382 500 0
003877 375 500 14 15 17
003879 375 500 14
003885 500 375 6
003886 332 500 0
003887 500 361 9
003889 318 480 8 12 14
003890 500 374 7
003891 500 332 6 14
003895 332 500 18
003898 185 500 2
003899 375 500 11 14
003905 357 500 2
003907 375 500 8 17
003911 293 500 17 19
003912 394 500 7
003913 375 500 14
003915 375 500 11 14
003918 500 396 2
003919 375 500 3 5
003921 375 500 11
003923 333 500 8 10 14
003924 500 375 15
003926 500 339 18
003932 500 375 4 14 15
003935 375 500 11
003936 330 500 6
003937 333 500 7
003939 198 500 12 14
003941 375 500 13
003945 334 500 1 14
003946 500 333 11 14
003947 500 375 8 10 19
003948 224 320 12 14
003949 332 500 2
003953 500 375 14 17
003954 333 500 6
003956 500 375 15
003957 332 500 18
003960 375 500 12 14
003961 500 375 14
003963 375 500 14 17 19
003965 375 500 2
