200
000016 500 334 0
000017 364 480 1 4
000017 364 480 4 1
000019 375 500 2 3
000020 500 375 3 2
000019 375 500 3 2
000020 500 375 2 3
000016 500 334 0
000017 364 480 1 4
000017 364 480 4 1
000019 375 500 2 3
000020 500 375 3 2
000019 375 500 3 2
000020 500 375 2 3
000016 500 334 0
000017 364 480 1 4
000017 364 480 4 1
000019 375 500 2 3
000020 500 375 3 2
000019 375 500 3 2
000020 500 375 2 3
000016 500 334 0
000017 364 480 1 4
000017 364 480 4 1
000019 375 500 2 3
000020 500 375 3 2
000019 375 500 3 2
000020 500 375 2 3
000016 500 334 0
000017 364 480 1 4
000017 364 480 4 1
000019 375 500 2 3
000020 500 375 3 2
000019 375 500 3 2
000020 500 375 2 3
000016 500 334 0
000017 364 480 1 4
000017 364 480 4 1
000019 375 500 2 3
000020 500 375 3 2
000019 375 500 3 2
000020 500 375 2 3
000016 500 334 0
000017 364 480 1 4
000017 364 480 4 1
000019 375 500 2 3
000020 500 375 3 2
000019 375 500 3 2
000020 500 375 2 3
000016 500 334 0
000017 364 480 1 4
000017 364 480 4 1
000019 375 500 2 3
000020 500 375 3 2
000019 375 500 3 2
000020 500 375 2 3
000016 500 334 0
000017 364 480 1 4
000017 364 480 4 1
000019 375 500 2 3
000020 500 375 3 2
000019 375 500 3 2
000020 500 375 2 3
000016 500 334 0
000017 364 480 1 4
000017 364 480 4 1
000019 375 500 2 3
000020 500 375 3 2
000019 375 500 3 2
000020 500 375 2 3
000016 500 334 0
000017 364 480 1 4
000017 364 480 4 1
000019 375 500 2 3
000020 500 375 3 2
000019 375 500 3 2
000020 500 375 2 3
000016 500 334 0
000017 364 480 1 4
000017 364 480 4 1
000019 375 500 2 3
000020 500 375 3 2
000019 375 500 3 2
000020 500 375 2 3
000016 500 334 0
000017 364 480 1 4
000017 364 480 4 1
000019 375 500 2 3
000020 500 375 3 2
000019 375 500 3 2
000020 500 375 2 3
000016 500 334 0
000017 364 480 1 4
000017 364 480 4 1
000019 375 500 2 3
000020 500 375 3 2
000019 375 500 3 2
000020 500 375 2 3
000016 500 334 0
000017 364 480 1 4
000017 364 480 4 1
000019 375 500 2 3
000020 500 375 3 2
000019 375 500 3 2
000020 500 375 2 3
000016 500 334 0
000017 364 480 1 4
000017 364 480 4 1
000019 375 500 2 3
000020 500 375 3 2
000019 375 500 3 2
000016 500 334 0
000017 364 480 1 4
000017 364 480 4 1
000019 375 500 2 3
000020 500 375 3 2
000019 375 500 3 2
000020 500 375 2 3
000016 500 334 0
000017 364 480 1 4
000017 364 480 4 1
000019 375 500 2 3
000020 500 375 3 2
000019 375 500 3 2
000020 500 375 2 3
000016 500 334 0
000017 364 480 1 4
000017 364 480 4 1
000019 375 500 2 3
000020 500 375 3 2
000019 375 500 3 2
000020 500 375 2 3
000016 500 334 0
000017 364 480 1 4
000017 364 480 4 1
000019 375 500 2 3
000020 500 375 3 2
000019 375 500 3 2
000020 500 375 2 3
000016 500 334 0
000017 364 480 1 4
000017 364 480 4 1
000019 375 500 2 3
000020 500 375 3 2
000019 375 500 3 2
000020 500 375 2 3
000016 500 334 0
000017 364 480 1 4
000017 364 480 4 1
000019 375 500 2 3
000020 500 375 3 2
000019 375 500 3 2
000020 500 375 2 3
000016 500 334 0
000017 364 480 1 4
000017 364 480 4 1
000019 375 500 2 3
000020 500 375 3 2
000019 375 500 3 2
000020 500 375 2 3
000016 500 334 0
000017 364 480 1 4
000017 364 480 4 1
000019 375 500 2 3
000020 500 375 3 2
000019 375 500 3 2
000016 500 334 0
000017 364 480 1 4
000017 364 480 4 1
000019 375 500 2 3
000020 500 375 3 2
000019 375 500 3 2
000020 500 375 2 3
000016 500 334 0
000017 364 480 1 4
000017 364 480 4 1
000019 375 500 2 3
000020 500 375 3 2
000019 375 500 3 2
000020 500 375 2 3
000016 500 334 0
000017 364 480 1 4
000017 364 480 4 1
000019 375 500 2 3
000020 500 375 3 2
000019 375 500 3 2
000020 500 375 2 3
000016 500 334 0
000017 364 480 1 4
000017 364 480 4 1
000019 375 500 2 3
000020 500 375 3 2
000019 375 500 3 2
000020 500 375 2 3
000016 500 334 0
000017 364 480 1 4
000017 364 480 4 1
000019 375 500 2 3
000020 500 375 3 2
000019 375 500 3 2
