97
000005 375 500 8
000007 333 500 6
000009 375 500 12 14
000012 333 500 6
000016 500 334 1
000017 364 480 12 14
000019 375 500 7
000020 500 375 6
000021 500 336 11 14
000023 500 334 1 14
000024 335 500 18
000026 333 500 6
000030 375 500 1 14
000032 281 500 0 14
000033 366 500 0
000034 500 360 18
000035 375 500 10 14
000036 500 332 11
000039 375 500 19
000041 333 500 14 19
000042 335 500 18
000044 333 500 7 8
000046 500 332 2
000047 333 500 6 8
000048 500 375 2 14
000050 375 500 4 8 14
000051 375 500 13 14
000052 333 500 15
000060 334 500 6
000061 333 500 3
000063 375 500 8 11
000064 500 496 2
000065 335 500 11
000066 375 500 14
000072 500 333 13
000073 500 375 3 14 15
000077 333 500 7
000078 419 500 11
000081 333 500 14 17
000083 333 500 6 14
000089 374 500 8 14
000091 375 500 6
000093 339 500 8 11
000095 323 500 18
000099 375 500 7
000101 333 500 8 14
000102 375 500 17
000104 333 500 14 19
000107 375 500 9 16
000109 254 500 2
000110 375 500 14
000112 500 333 8 11
000113 332 500 14
000117 333 500 0
000118 375 500 7
000120 400 500 11
000121 375 500 19
000122 480 475 7
000123 375 500 18
000125 375 500 1 14
000129 500 334 1 14
000130 375 500 3
000131 333 500 6 14
000132 421 500 5
000133 500 447 12 14
000134 371 500 6
000138 332 500 14
000140 401 500 11 17
000141 423 500 2
000142 375 500 6
000143 333 500 7
000146 500 374 14
000147 333 500 8
000150 333 500 12 14
000153 375 500 6
000154 333 500 3
000156 375 500 6 17
000158 375 500 2
000159 333 500 6 14
000161 390 500 6
000162 375 500 14 19
000163 432 500 13 14
000164 375 500 13 14
000165 386 500 14
000169 333 500 6 14
000170 375 500 4 14
000171 500 375 11 14
000173 480 394 12 14
000174 333 500 14
000177 375 500 10 14
000180 375 500 6
000184 375 500 3
000187 375 500 19
000189 375 500 2
000190 375 500 5 14
000192 375 500 8 14
000193 375 500 14 17
