3919
007433 375 500 11 17
007433 375 500 17 11
002174 333 500 6 14 19
002174 333 500 14 6 19
002174 333 500 19 14 6
003838 375 500 14
002171 500 375 1 14
002171 500 375 14 1
005355 375 500 18
002659 375 500 3
000598 344 500 8 19
000598 344 500 19 8
007740 375 500 4
007458 375 500 8 10 19
007458 375 500 10 8 19
007458 375 500 19 10 8
002268 375 500 7 11 17
002268 375 500 11 7 17
002268 375 500 17 11 7
002267 333 500 16
008759 375 500 1
008355 378 500 7
000608 375 500 3
004714 375 500 8 15 17
004714 375 500 15 8 17
004714 375 500 17 15 8
003640 375 500 9
006730 375 500 18
005107 375 500 1 14
005107 375 500 14 1
001027 375 500 1 8 17 19
001027 375 500 8 1 17 19
001027 375 500 17 8 1 19
001027 375 500 19 8 17 1
004203 385 500 6
002108 375 500 10 14 15
002108 375 500 14 10 15
002108 375 500 15 14 10
000753 375 500 4 10 14
000753 375 500 10 4 14
000753 375 500 14 10 4
000804 500 333 8 17
000804 500 333 17 8
007572 333 500 4 8 10 14
007572 333 500 8 4 10 14
007572 333 500 10 8 4 14
007572 333 500 14 8 10 4
007963 375 500 6 14 18
007963 375 500 14 6 18
007963 375 500 18 14 6
000755 375 500 1 14
000755 375 500 14 1
001362 500 333 14 17
001362 500 333 17 14
002915 375 500 14
005393 333 500 0
000367 375 500 4 6 14
000367 375 500 6 4 14
000367 375 500 14 6 4
009049 349 500 13 14
009049 349 500 14 13
004281 375 500 14 18
004281 375 500 18 14
002767 375 500 8 14 19
002767 375 500 14 8 19
002767 375 500 19 14 8
009796 375 500 14
000009 375 500 12 14
000009 375 500 14 12
008359 375 500 6
009185 411 500 11
005573 375 500 14 17
005573 375 500 17 14
000991 480 318 12 14
000991 480 318 14 12
003146 375 500 15
009617 375 500 8 10 14
009617 375 500 10 8 14
009617 375 500 14 10 8
005349 375 500 8 19
005349 375 500 19 8
009634 375 500 15
000926 500 375 14
009621 500 412 2
001441 376 500 8 10
001441 376 500 10 8
006042 333 500 11
009944 331 500 13 14
009944 331 500 14 13
005664 375 500 14
009684 375 500 14 17
009684 375 500 17 14
001104 334 500 11
006538 333 500 18
007704 356 500 15 17
007704 356 500 17 15
002539 333 500 5 14
002539 333 500 14 5
007840 500 333 2
003218 334 500 1 14
003218 334 500 14 1
007283 375 500 1 6
007283 375 500 6 1
008450 333 500 0
009749 500 369 2
002197 375 500 6
009828 500 333 8 14
009828 500 333 14 8
002208 375 500 3
005960 375 500 7
004732 500 375 8 14
004732 500 375 14 8
003360 500 333 8 11 14
003360 500 333 11 8 14
003360 500 333 14 11 8
008169 375 500 6 7
008169 375 500 7 6
003608 375 500 6
004438 360 480 11 14 19
004438 360 480 14 11 19
004438 360 480 19 14 11
006243 375 500 13 14
006243 375 500 14 13
002884 333 500 6 14
002884 333 500 14 6
007565 375 500 7
001643 333 500 11 17
001643 333 500 17 11
003311 375 500 5 14
003311 375 500 14 5
009585 375 500 4 14
009585 375 500 14 4
005860 333 500 3
004818 400 500 8
008819 500 375 11
005064 375 500 1 14
005064 375 500 14 1
005830 333 500 6
005202 375 500 2
009354 500 335 18
006725 333 500 7
000537 400 500 11
003642 260 500 5
003973 375 500 5 6 14
003973 375 500 6 5 14
003973 375 500 14 6 5
006045 375 500 8 17
006045 375 500 17 8
009735 500 333 8
002247 500 375 6
003629 375 500 15
003651 360 480 14 18
003651 360 480 18 14
006868 375 500 6 14
006868 375 500 14 6
003784 500 328 1
001995 500 375 8
005217 335 500 3
005290 333 500 0
005195 333 500 4 8 10 14
005195 333 500 8 4 10 14
005195 333 500 10 8 4 14
005195 333 500 14 8 10 4
001870 400 400 0
004748 375 500 0 6
004748 375 500 6 0
006269 375 500 7
002668 375 500 10 14 15
002668 375 500 14 10 15
002668 375 500 15 14 10
006184 385 500 0
004585 375 500 9
004137 375 500 11 14
004137 375 500 14 11
007758 387 500 7
005090 352 500 5 6 14
005090 352 500 6 5 14
005090 352 500 14 6 5
003202 375 500 8 10 15
003202 375 500 10 8 15
003202 375 500 15 10 8
007877 375 500 14
006428 375 500 12 14
006428 375 500 14 12
007419 375 500 7
003105 333 500 9
000337 375 500 1 14
000337 375 500 14 1
006456 375 500 11
006822 500 400 6 13
006822 500 400 13 6
002774 375 500 12
003899 375 500 11 14
003899 375 500 14 11
003877 375 500 14 15 17
003877 375 500 15 14 17
003877 375 500 17 15 14
009085 333 500 0
007498 376 500 10 14
007498 376 500 14 10
006100 375 500 8 11 15 17
006100 375 500 11 8 15 17
006100 375 500 15 11 8 17
006100 375 500 17 11 15 8
008927 375 500 9
003575 375 500 14 17
003575 375 500 17 14
003164 375 500 18
002221 500 375 4 8 10 14
002221 500 375 8 4 10 14
002221 500 375 10 8 4 14
002221 500 375 14 8 10 4
001434 332 500 5 14
001434 332 500 14 5
006765 500 376 8 15
006765 500 376 15 8
001062 500 375 19
005487 333 500 0 14
005487 333 500 14 0
002791 319 500 2
005701 500 375 8 17
005701 500 375 17 8
005803 375 500 10
002187 332 500 12 14
002187 332 500 14 12
003339 288 432 11
005740 333 500 2 14
005740 333 500 14 2
004630 375 500 5 14
004630 375 500 14 5
004131 333 500 2
007503 375 500 0
000245 375 500 6 14
000245 375 500 14 6
002841 500 375 14
006575 500 375 15
004271 500 432 2
003536 375 500 11 14
003536 375 500 14 11
000794 375 500 7
007285 500 375 6
004016 375 500 7 14
004016 375 500 14 7
002546 375 500 11
003057 500 375 6 13 14
003057 500 375 13 6 14
003057 500 375 14 13 6
008282 375 500 17 19
008282 375 500 19 17
001231 375 500 8 17
001231 375 500 17 8
003826 331 500 13 14
003826 331 500 14 13
008434 313 500 18
004701 375 500 4
003270 333 500 2 14
003270 333 500 14 2
002549 375 500 19
002988 375 500 14
008004 500 375 5
004634 500 460 12
002817 375 500 15
007699 375 500 6 14
007699 375 500 14 6
001610 375 500 7
001194 375 500 1
006515 375 500 1
001853 375 500 2
005410 333 500 1 14
005410 333 500 14 1
008823 333 500 17
001937 500 375 6
001517 375 500 8 11
001517 375 500 11 8
004715 375 500 14
005326 376 500 9 14
005326 376 500 14 9
000605 375 500 6
000746 333 500 11
008465 500 500 15
007953 500 333 1 14
007953 500 333 14 1
002714 375 500 14
001268 333 500 6
007018 357 500 12
008341 333 500 8 14 15 17
008341 333 500 14 8 15 17
008341 333 500 15 14 8 17
008341 333 500 17 14 15 8
002992 500 333 1 14
002992 500 333 14 1
006635 500 342 18
005144 500 332 14
008775 333 500 14
002696 500 400 8 11 14
002696 500 400 11 8 14
002696 500 400 14 11 8
000044 333 500 7 8
000044 333 500 8 7
009545 333 500 9
001237 375 500 6
001954 375 500 6
008300 333 500 0
008784 262 500 3 6
008784 262 500 6 3
007621 375 500 16
006503 375 500 4 10 14
006503 375 500 10 4 14
006503 375 500 14 10 4
001673 375 500 4 7
001673 375 500 7 4
005637 332 500 2
007431 417 500 2
009306 500 375 7 14 17
009306 500 375 14 7 17
009306 500 375 17 14 7
009950 332 500 14 18
009950 332 500 18 14
001154 375 500 15 17
001154 375 500 17 15
009508 500 374 18
000246 375 500 11
004430 333 500 1
008085 282 500 2
000289 333 500 6
001214 375 500 8 17 19
001214 375 500 17 8 19
001214 375 500 19 17 8
005365 376 500 11
000889 500 374 15
001795 375 500 14
009896 375 500 7
005245 375 500 4 10 14
005245 375 500 10 4 14
005245 375 500 14 10 4
006543 333 500 2
006836 480 469 12 14
006836 480 469 14 12
007413 375 500 0 14
007413 375 500 14 0
009524 348 500 14
000433 370 500 8 14
000433 370 500 14 8
003272 335 500 7
002524 500 333 14
004209 375 500 11 14
004209 375 500 14 11
002512 375 500 1 11
002512 375 500 11 1
005108 281 500 0 3
005108 281 500 3 0
000887 320 500 0
007259 500 375 8
006212 373 500 0
002914 375 500 10 14
002914 375 500 14 10
003379 333 500 6
001524 370 500 11 14
001524 370 500 14 11
000372 334 500 12 14
000372 334 500 14 12
006899 500 496 16
003280 333 500 14
000007 333 500 6
002941 375 500 4
005782 333 500 6
009227 333 500 11 16
009227 333 500 16 11
002732 400 500 11
005281 500 330 1 14
005281 500 330 14 1
002533 375 500 6 14
002533 375 500 14 6
007365 332 500 3
003636 375 500 5 6
003636 375 500 6 5
001311 319 500 1 14
001311 319 500 14 1
008005 375 500 9 11
008005 375 500 11 9
004966 326 500 2
004015 375 500 11
001654 375 500 1 6 14
001654 375 500 6 1 14
001654 375 500 14 6 1
009566 375 500 2
000454 297 500 11
001158 375 500 8
009215 375 500 15
004842 333 500 16
003936 330 500 6
003244 375 500 18
007919 332 500 12 14
007919 332 500 14 12
007130 375 500 15 19
007130 375 500 19 15
002405 431 500 12 14
002405 431 500 14 12
007470 333 500 0
006777 500 352 14 15
006777 500 352 15 14
000477 333 500 1 5 6 14
000477 333 500 5 1 6 14
000477 333 500 6 5 1 14
000477 333 500 14 5 6 1
005608 500 375 13 14
005608 500 375 14 13
006878 375 500 17
000756 500 365 11
005475 333 500 6 14
005475 333 500 14 6
005672 500 377 4 8 10 14
005672 500 377 8 4 10 14
005672 500 377 10 8 4 14
005672 500 377 14 8 10 4
007147 500 333 14
008138 333 500 2
009518 369 500 11 14
009518 369 500 14 11
004488 375 500 6
003824 500 333 6 13 14
003824 500 333 13 6 14
003824 500 333 14 13 6
007622 333 500 6
002625 375 500 6 14
002625 375 500 14 6
005116 331 500 13 14
005116 331 500 14 13
001553 387 500 1
000949 500 340 1 14
000949 500 340 14 1
008043 288 292 14 15
008043 288 292 15 14
001784 335 500 14
008553 335 500 18
000514 375 500 0
007446 500 375 1 6 14
007446 500 375 6 1 14
007446 500 375 14 6 1
004361 375 500 13 14
004361 375 500 14 13
002454 334 500 6
000294 375 500 2
001685 375 500 2
002896 500 375 2
007928 328 500 14
001421 500 375 8 10 14
001421 500 375 10 8 14
001421 500 375 14 10 8
001082 375 500 7 15
001082 375 500 15 7
007585 500 500 11
000854 375 500 8 14 15 17
000854 375 500 14 8 15 17
000854 375 500 15 14 8 17
000854 375 500 17 14 15 8
003000 333 500 0
004247 400 500 2
000714 335 500 2
007535 500 368 14
001821 375 500 6
000329 333 500 6
005455 293 383 7
000834 375 500 9 14
000834 375 500 14 9
007624 375 500 15
006476 368 500 13 14
006476 368 500 14 13
009213 375 500 6
007546 332 500 5
006677 500 413 8 14 17
006677 500 413 14 8 17
006677 500 413 17 14 8
003134 366 500 14
003155 500 333 2
007432 375 500 8 19
007432 375 500 19 8
001725 500 375 14 19
001725 500 375 19 14
003430 375 500 11
007491 375 500 17
006958 500 333 10 11 14
006958 500 333 11 10 14
006958 500 333 14 11 10
003585 500 333 13 14
003585 500 333 14 13
006556 333 500 11
004625 375 500 12
004815 332 500 12 14
004815 332 500 14 12
000967 375 500 14 18
000967 375 500 18 14
006611 500 332 12 14
006611 500 332 14 12
005026 375 500 5
008478 375 500 1 6
008478 375 500 6 1
002678 318 480 12 14
002678 318 480 14 12
008079 335 500 6 11 14
008079 335 500 11 6 14
008079 335 500 14 11 6
008572 375 500 6
005257 333 500 3 14
005257 333 500 14 3
000740 375 500 3
000266 500 375 11 17
000266 500 375 17 11
006161 333 500 10 14
006161 333 500 14 10
000120 400 500 11
003299 335 500 0
003243 375 500 6
007484 375 500 5 14
007484 375 500 14 5
004592 375 500 3
005705 500 375 3
000428 414 500 8 10 14
000428 414 500 10 8 14
000428 414 500 14 10 8
006708 375 500 9
006396 170 500 6
006666 500 375 14
003189 500 458 12 14 15
003189 500 458 14 12 15
003189 500 458 15 14 12
003506 332 500 15
005895 375 500 0
003135 375 500 18
003028 334 500 0
002765 332 500 0
006944 333 500 12 16
006944 333 500 16 12
002042 360 480 12
006151 500 334 6 12 14
006151 500 334 12 6 14
006151 500 334 14 12 6
006768 500 482 8 14
006768 500 482 14 8
008720 500 333 7
003638 375 500 8 10 14
003638 375 500 10 8 14
003638 375 500 14 10 8
005398 375 500 13 14
005398 375 500 14 13
007650 500 375 5 6
007650 500 375 6 5
009117 375 500 11
002129 379 500 0
000143 333 500 7
006844 375 500 18
004999 375 500 11
002270 375 500 1
009484 375 500 8 10 19
009484 375 500 10 8 19
009484 375 500 19 10 8
005229 375 500 14
007760 500 333 11 14
007760 500 333 14 11
003871 500 333 2
004463 324 432 13 14
004463 324 432 14 13
005045 375 500 14
006088 375 500 8 15 17
006088 375 500 15 8 17
006088 375 500 17 15 8
002864 375 500 14
005081 281 500 11 12 14
005081 281 500 12 11 14
005081 281 500 14 12 11
007786 375 500 9 14
007786 375 500 14 9
002182 333 500 6
006261 500 398 6
001818 332 500 2
003511 332 500 1
008009 375 500 11
007713 331 500 2
003407 375 500 5 14
003407 375 500 14 5
001468 267 400 9
002718 375 500 2
003458 500 328 2
005062 375 500 11
009955 500 500 3
003658 341 500 1
007256 375 500 1 14
007256 375 500 14 1
007920 500 375 5
004897 333 500 14
007311 375 500 8
001393 375 500 4 8 10 14
001393 375 500 8 4 10 14
001393 375 500 10 8 4 14
001393 375 500 14 8 10 4
007662 500 374 2
008139 411 500 4 14
008139 411 500 14 4
003017 311 500 12 14
003017 311 500 14 12
008216 500 375 8 10 14 15
008216 500 375 10 8 14 15
008216 500 375 14 10 8 15
008216 500 375 15 10 14 8
003654 500 375 14
002456 375 500 8 10
002456 375 500 10 8
005859 375 500 14
005568 375 500 12
006714 500 375 14
000332 333 500 12
006387 281 500 1 14
006387 281 500 14 1
005389 244 432 18
006259 500 333 8 10 14
006259 500 333 10 8 14
006259 500 333 14 10 8
003088 375 500 4 14
003088 375 500 14 4
006448 375 500 4
001622 500 375 1 6 14
001622 500 375 6 1 14
001622 500 375 14 6 1
002425 500 375 8 14 17
002425 500 375 14 8 17
002425 500 375 17 14 8
006988 333 500 6 14
006988 333 500 14 6
004723 375 500 14
009627 359 500 5
004152 500 375 4
001102 334 500 0
000524 322 500 12 14
000524 322 500 14 12
003122 375 500 4 14
003122 375 500 14 4
002775 500 375 15
007947 333 500 18
005465 375 500 0 8
005465 375 500 8 0
004588 500 411 4 14
004588 500 411 14 4
008416 333 500 11
007023 500 375 8 14 19
007023 500 375 14 8 19
007023 500 375 19 14 8
001470 375 500 19
001148 375 500 6
002497 375 500 6 14
002497 375 500 14 6
002193 375 500 14
004464 375 500 3 11 14
004464 375 500 11 3 14
004464 375 500 14 11 3
004087 375 500 5 6
004087 375 500 6 5
003763 375 500 7
007642 375 500 13
003451 333 500 4 8 17 19
003451 333 500 8 4 17 19
003451 333 500 17 8 4 19
003451 333 500 19 8 17 4
007011 375 500 11
004310 333 500 7 8
004310 333 500 8 7
007742 325 500 18
003133 333 500 0
001597 375 500 2
006475 500 361 2 14
006475 500 361 14 2
003023 500 381 8 14
003023 500 381 14 8
009839 341 500 6
008757 375 500 1
002219 375 500 14
005387 375 500 5 6
005387 375 500 6 5
007224 332 500 18
006190 312 500 11
004158 333 500 4 14
004158 333 500 14 4
000647 333 500 0
007016 375 500 14
000469 375 500 6
009502 500 500 11
004903 331 500 6 17
004903 331 500 17 6
008191 375 500 12
004345 332 500 7
004437 375 500 14 18
004437 375 500 18 14
004956 500 333 8 19
004956 500 333 19 8
003301 333 500 8 11 14 15
003301 333 500 11 8 14 15
003301 333 500 14 11 8 15
003301 333 500 15 11 14 8
008654 338 500 2
002392 375 500 3
005351 375 500 12 14
005351 375 500 14 12
002037 375 500 2
004352 375 500 11
006183 480 360 7
000221 332 500 6
007876 375 500 2
004386 333 500 6 18
004386 333 500 18 6
000653 375 500 6
001523 375 500 12 14
001523 375 500 14 12
003354 331 500 9
001617 331 500 13 14
001617 331 500 14 13
000063 375 500 8 11
000063 375 500 11 8
005079 375 500 0
009614 375 500 6 14
009614 375 500 14 6
009029 500 333 6
001386 375 500 6 13
001386 375 500 13 6
004331 375 500 19
001140 500 375 11 14
001140 500 375 14 11
007072 375 500 9
001504 500 375 14
009448 375 500 6 14
009448 375 500 14 6
009221 333 500 7
006900 375 500 6
008186 443 500 11
003567 331 500 13 14
003567 331 500 14 13
006196 375 500 6
009816 375 500 16
006845 375 500 8
006497 375 500 6 14
006497 375 500 14 6
000163 432 500 13 14
000163 432 500 14 13
005054 500 334 14
004542 376 500 14 17
004542 376 500 17 14
000463 175 500 6 13 14
000463 175 500 13 6 14
000463 175 500 14 13 6
000540 335 500 18
003396 344 500 13 14
003396 344 500 14 13
007889 375 500 14
005023 500 394 2
002590 500 375 18
001390 333 500 14 17
001390 333 500 17 14
003433 500 375 1 8 14
003433 500 375 8 1 14
003433 500 375 14 8 1
005128 375 500 3
002492 375 500 8 17
002492 375 500 17 8
003594 482 500 2
003953 500 375 14 17
003953 500 375 17 14
004852 375 500 14
007749 375 500 11
001741 254 400 9
003126 375 500 2
004356 375 500 1 14
004356 375 500 14 1
000419 375 500 13 14
000419 375 500 14 13
008060 375 500 6
005901 375 500 7
004450 500 333 12
005584 375 500 6
007677 357 500 0
006805 401 500 11
009772 500 375 7
003508 500 333 11
005337 223 500 3
001137 333 500 14
004384 375 500 6 14
004384 375 500 14 6
006794 333 500 0
009695 274 500 18
003954 333 500 6
003461 333 500 6 8
003461 333 500 8 6
007578 331 500 11 14
007578 331 500 14 11
000700 333 500 6
002098 375 500 4
001151 331 500 11 14
001151 331 500 14 11
006325 458 500 6
008983 203 500 8 10 14 17
008983 203 500 10 8 14 17
008983 203 500 14 10 8 17
008983 203 500 17 10 14 8
008075 375 500 11
004983 500 338 1 6
004983 500 338 6 1
008541 336 500 14
001050 375 500 1 14
001050 375 500 14 1
009851 375 500 12 14
009851 375 500 14 12
009349 500 375 14 16
009349 500 375 16 14
005735 375 500 18
000439 333 500 18
003032 375 500 0 6
003032 375 500 6 0
000066 375 500 14
000612 500 375 14 18
000612 500 375 18 14
004436 500 332 18
002682 375 500 6
002248 375 500 6
009550 500 375 8 10
009550 500 375 10 8
004985 375 500 7 14
004985 375 500 14 7
000460 375 500 8
007122 375 500 14
002049 315 500 15
003935 375 500 11
008461 333 500 6 14
008461 333 500 14 6
005559 375 500 7
005824 359 500 14
008002 333 500 14
002483 375 500 7 8 14 15 17
002483 375 500 8 7 14 15 17
002483 375 500 14 8 7 15 17
002483 375 500 15 8 14 7 17
002483 375 500 17 8 14 15 7
009781 375 500 13 14
009781 375 500 14 13
005190 375 500 14 15
005190 375 500 15 14
005214 381 500 18
000663 500 422 5 6
000663 500 422 6 5
001497 375 500 3
007898 500 400 6
008044 336 500 5 6
008044 336 500 6 5
004539 375 500 6
001299 500 429 9
006103 375 500 6 14
006103 375 500 14 6
007483 376 500 14
009443 500 367 15
003614 375 500 2
006474 333 500 11
005001 333 500 16
002371 357 500 1
009259 333 500 13 14
009259 333 500 14 13
003308 500 375 7 8
003308 500 375 8 7
005981 375 500 9
009389 375 500 18
001343 375 500 8 17 19
001343 375 500 17 8 19
001343 375 500 19 17 8
005526 375 500 14 19
005526 375 500 19 14
009105 375 500 5
006719 375 500 6
004520 478 500 14
008716 333 500 6
007236 332 500 5 14
007236 332 500 14 5
007062 375 500 1
000209 375 500 7
004354 333 500 18
009724 375 500 7
002116 375 500 6 11 14 15 17
002116 375 500 11 6 14 15 17
002116 375 500 14 11 6 15 17
002116 375 500 15 11 14 6 17
002116 375 500 17 11 14 15 6
004796 375 500 13 14
004796 375 500 14 13
008665 333 500 6 14 17
008665 333 500 14 6 17
008665 333 500 17 14 6
009411 375 500 6 14
009411 375 500 14 6
002855 375 500 14 17
002855 375 500 17 14
006314 500 375 19
009762 375 500 1 5 6 14
009762 375 500 5 1 6 14
009762 375 500 6 5 1 14
009762 375 500 14 5 6 1
008970 334 500 15 19
008970 334 500 19 15
006140 333 500 10 14
006140 333 500 14 10
002433 375 500 14
008930 500 375 7
000228 333 500 0
002633 500 332 12 14
002633 500 332 14 12
002214 375 500 5 14 18
002214 375 500 14 5 18
002214 375 500 18 14 5
006220 375 500 8 10
006220 375 500 10 8
006030 375 500 8 10
006030 375 500 10 8
008381 500 463 14
004010 418 500 14 17
004010 418 500 17 14
005185 375 500 11 17
005185 375 500 17 11
001314 333 500 7
003773 333 500 0
009153 500 375 14
001326 375 500 17
007653 332 500 6 14
007653 332 500 14 6
006134 375 500 12
006079 375 500 3 6
006079 375 500 6 3
002437 338 500 7
007146 374 500 2
006233 375 500 14
000543 375 500 6
005373 333 500 6
001161 375 500 18
005451 500 375 10 14
005451 500 375 14 10
002172 375 500 13 14
002172 375 500 14 13
001060 378 500 1 6 14
001060 378 500 6 1 14
001060 378 500 14 6 1
000559 370 500 4 19
000559 370 500 19 4
008203 375 500 17
002020 333 500 2
008905 375 500 0
003860 333 500 3 14
003860 333 500 14 3
006480 320 500 0
006883 375 500 7
007576 371 480 12 14
007576 371 480 14 12
005131 375 500 7
007555 375 500 18
003709 375 500 18
006091 334 500 2
002491 500 375 14
003550 500 333 14
008223 375 500 16
005191 375 500 8 10
005191 375 500 10 8
000535 374 500 1 14
000535 374 500 14 1
007601 375 500 6
000207 500 334 5
004215 375 500 13
007905 374 500 6
004879 330 500 1 14
004879 330 500 14 1
000275 480 476 12 14
000275 480 476 14 12
008633 247 500 1 6
008633 247 500 6 1
005851 335 500 18
008639 375 500 11
009942 332 500 14
005536 343 500 6 14
005536 343 500 14 6
005288 375 500 16
000622 375 500 9
006222 500 375 2
006300 375 500 1 14
006300 375 500 14 1
008413 375 500 8 14
008413 375 500 14 8
003921 375 500 11
003210 480 351 12 14
003210 480 351 14 12
001727 318 480 12 14
001727 318 480 14 12
005636 500 332 12 14
005636 500 332 14 12
004823 375 500 6
005845 349 500 7 14
005845 349 500 14 7
005314 375 500 13
007868 400 400 7
007678 314 500 2
003876 382 500 0
006349 334 500 0
009286 332 500 6 14
009286 332 500 14 6
002989 333 500 8 17 19
002989 333 500 17 8 19
002989 333 500 19 17 8
004502 413 500 7
009283 375 500 5 6 14
009283 375 500 6 5 14
009283 375 500 14 6 5
000244 333 500 16
008084 500 338 2
003194 333 500 11
009860 396 500 18
002183 327 500 12 14
002183 327 500 14 12
003004 375 500 7 8 15 17
003004 375 500 8 7 15 17
003004 375 500 15 8 7 17
003004 375 500 17 8 15 7
005625 375 500 2
007008 290 343 9
009187 335 500 18
008557 335 500 15 17 19
008557 335 500 17 15 19
008557 335 500 19 17 15
005905 283 360 14
008645 330 500 3
001662 375 500 6
001963 375 500 4 8 10 14
001963 375 500 8 4 10 14
001963 375 500 10 8 4 14
001963 375 500 14 8 10 4
007148 333 500 14
003988 336 448 8
001400 500 375 0
001298 375 500 3 14
001298 375 500 14 3
004760 375 500 11 14
004760 375 500 14 11
001323 375 500 18
001481 375 500 3
004612 332 500 2
009334 375 500 1
004429 374 500 1 6
004429 374 500 6 1
000771 500 375 8 17
000771 500 375 17 8
009424 375 500 6 14
009424 375 500 14 6
001888 500 375 7
005469 333 500 16
007754 375 500 8 19
007754 375 500 19 8
007227 500 296 14 17
007227 500 296 17 14
000633 375 500 14 19
000633 375 500 19 14
007836 375 500 1 14
007836 375 500 14 1
004674 333 500 0
008433 364 500 1 14
008433 364 500 14 1
007468 375 500 6
007705 500 333 11 12
007705 500 333 12 11
000748 292 500 5
004691 375 500 6 18
004691 375 500 18 6
002965 375 500 4 14
002965 375 500 14 4
001136 500 500 2 3
001136 500 500 3 2
005312 370 500 7
007863 375 500 7
002940 375 500 9 14
002940 375 500 14 9
003497 335 500 18
008878 375 500 18
001184 375 500 1
004597 375 500 8
008699 375 500 12 14
008699 375 500 14 12
000827 333 500 9
004493 375 500 4 10
004493 375 500 10 4
001292 375 500 4 6 14
001292 375 500 6 4 14
001292 375 500 14 6 4
003919 375 500 3 5
003919 375 500 5 3
002937 333 500 6
003031 375 500 7 14
003031 375 500 14 7
002320 335 500 15
002493 375 500 6
009048 500 375 7 8
009048 500 375 8 7
005961 500 375 5 14
005961 500 375 14 5
008985 500 375 2
003646 375 500 2
003932 500 375 4 14 15
003932 500 375 14 4 15
003932 500 375 15 14 4
006011 375 500 6 14
006011 375 500 14 6
006023 375 500 18
005576 109 500 18
000438 332 500 14
009006 334 500 6
005702 500 333 1 14
005702 500 333 14 1
002228 375 500 5 6
002228 375 500 6 5
006959 333 500 14
000382 500 375 3 14
000382 500 375 14 3
003107 500 332 14
003885 500 375 6
002109 300 400 7
007626 333 500 0
003199 333 500 2
007088 333 500 0
006472 400 500 19
001164 375 500 8 10 14 15
001164 375 500 10 8 14 15
001164 375 500 14 10 8 15
001164 375 500 15 10 14 8
004143 375 500 2
008385 500 369 8 10 14
008385 500 369 10 8 14
008385 500 369 14 10 8
007524 500 333 7
009773 375 500 8 14
009773 375 500 14 8
004174 454 500 5
006825 333 500 2
004011 333 500 6
001544 375 500 14
003465 375 500 14
001479 375 500 14 15
001479 375 500 15 14
005358 375 500 0 3
005358 375 500 3 0
008873 357 500 0
007108 334 500 1 14
007108 334 500 14 1
001361 333 500 2
008327 333 500 14
003748 375 500 2
001717 404 500 8 14 19
001717 404 500 14 8 19
001717 404 500 19 14 8
001928 500 500 13
006351 375 500 14 15
006351 375 500 15 14
004950 196 320 12 14
004950 196 320 14 12
001384 375 500 6
004863 375 500 6
001092 334 500 11 14
001092 334 500 14 11
002273 212 320 12 14
002273 212 320 14 12
006247 375 500 16
002595 375 500 6 14
002595 375 500 14 6
009419 333 500 15
005199 375 500 6
006337 333 500 11
001457 375 500 8 17
001457 375 500 17 8
005790 333 500 10 14
005790 333 500 14 10
005253 333 500 2
006806 375 500 15
004951 375 500 18
004812 362 500 0 14
004812 362 500 14 0
007809 375 500 12 14
007809 375 500 14 12
002450 423 500 11 14
002450 423 500 14 11
007847 333 500 2
004655 350 500 8 10
004655 350 500 10 8
007590 500 375 14
000863 317 500 18
000904 375 500 9 12 14
000904 375 500 12 9 14
000904 375 500 14 12 9
001125 333 500 6 14
001125 333 500 14 6
007325 333 500 12 14
007325 333 500 14 12
007732 375 500 8 19
007732 375 500 19 8
006530 375 500 8 17
006530 375 500 17 8
007071 333 500 7
001011 375 500 14 19
001011 375 500 19 14
003273 500 375 2
004699 378 500 14 15
004699 378 500 15 14
006694 375 500 18
005077 375 500 18
003694 333 500 8 14 15 17 19
003694 333 500 14 8 15 17 19
003694 333 500 15 14 8 17 19
003694 333 500 17 14 15 8 19
003694 333 500 19 14 15 17 8
000800 375 500 6
008940 338 500 0
002879 375 500 14
001677 375 500 8 10
001677 375 500 10 8
009392 331 500 5 6
009392 331 500 6 5
003269 375 500 4
007767 333 500 18
004387 375 500 3 5 6 14
004387 375 500 5 3 6 14
004387 375 500 6 5 3 14
004387 375 500 14 5 6 3
007435 500 332 8 10
007435 500 332 10 8
003063 500 375 14 17
003063 500 375 17 14
001009 375 500 7
000220 375 500 6 14
000220 375 500 14 6
003464 327 500 18
009388 375 500 4 8 19
009388 375 500 8 4 19
009388 375 500 19 8 4
000768 375 500 5
001554 375 500 11 14
001554 375 500 14 11
002627 500 375 8 10 17 19
002627 500 375 10 8 17 19
002627 500 375 17 10 8 19
002627 500 375 19 10 17 8
005378 374 500 8
008224 375 500 14
003098 352 500 3
008307 367 480 12 14
008307 367 480 14 12
004028 375 500 8 14 15
004028 375 500 14 8 15
004028 375 500 15 14 8
009644 332 500 6
005004 333 500 17
008559 500 333 14
009825 500 333 8
006028 374 500 1 14
006028 374 500 14 1
005102 375 500 6 14
005102 375 500 14 6
007795 375 500 8 14 15
007795 375 500 14 8 15
007795 375 500 15 14 8
004846 338 500 14 17
004846 338 500 17 14
005875 375 500 13
008687 375 500 11
008430 333 500 14
009947 500 332 3 14
009947 500 332 14 3
003645 330 500 12 14
003645 330 500 14 12
009287 333 500 13 14
009287 333 500 14 13
008218 375 500 14
004479 375 500 4 14
004479 375 500 14 4
007479 329 500 6
003663 333 500 14
005877 333 500 12
003753 375 500 8 11
003753 375 500 11 8
008766 500 335 14 18
008766 500 335 18 14
006159 500 375 15
005779 332 500 11 17
005779 332 500 17 11
003820 375 500 6 14
003820 375 500 14 6
008612 300 500 12 14
008612 300 500 14 12
008698 500 357 14
000544 333 500 7
003684 500 375 13
008756 375 500 7
009867 375 500 14 19
009867 375 500 19 14
007493 375 500 4 8 14
007493 375 500 8 4 14
007493 375 500 14 8 4
000973 375 500 1
009939 375 500 17
005732 500 493 12 14
005732 500 493 14 12
001226 333 500 11
006084 375 500 7
009270 335 500 2
002233 500 273 14
008387 375 500 5 14
008387 375 500 14 5
006218 375 500 5 6
006218 375 500 6 5
004390 333 500 0
006726 500 375 15
005507 375 500 1 14
005507 375 500 14 1
005285 375 500 2
009707 281 500 7
001501 374 500 1 14
001501 374 500 14 1
008655 500 375 8 10 11 15 19
008655 500 375 10 8 11 15 19
008655 500 375 11 10 8 15 19
008655 500 375 15 10 11 8 19
008655 500 375 19 10 11 15 8
006304 333 500 3
007838 375 500 11
002984 330 500 2
005752 375 500 11 17
005752 375 500 17 11
003956 500 375 15
004291 500 375 4 14
004291 500 375 14 4
006425 500 339 7
005018 331 500 11
001832 375 500 11 14
001832 375 500 14 11
004563 333 500 6 14
004563 333 500 14 6
006442 500 348 14
003064 500 375 14
009398 333 500 7
005159 375 500 6 14
005159 375 500 14 6
001931 333 500 6
002287 375 500 4 8 11
002287 375 500 8 4 11
002287 375 500 11 8 4
002723 375 500 13 14
002723 375 500 14 13
006647 375 500 13 14
006647 375 500 14 13
004686 322 500 9 12 14
004686 322 500 12 9 14
004686 322 500 14 12 9
003965 375 500 2
003721 333 500 6
001972 500 333 11
006124 375 500 6
000822 374 500 13
000709 377 500 8 14 17
000709 377 500 14 8 17
000709 377 500 17 14 8
001310 375 500 14 16
001310 375 500 16 14
003970 480 318 12 14
003970 480 318 14 12
003376 375 500 4 8 14
003376 375 500 8 4 14
003376 375 500 14 8 4
002906 500 375 18
002962 334 500 14 19
002962 334 500 19 14
005436 375 500 13
004149 375 500 7 8 10
004149 375 500 8 7 10
004149 375 500 10 8 7
000522 375 500 6
000420 375 500 6
004231 354 500 6 14 19
004231 354 500 14 6 19
004231 354 500 19 14 6
000474 375 500 3 6
000474 375 500 6 3
009242 375 500 4 14 17
009242 375 500 14 4 17
009242 375 500 17 14 4
003325 375 500 11
007215 333 500 9
006627 333 500 8 10 15
006627 333 500 10 8 15
006627 333 500 15 10 8
004652 333 500 19
007128 500 375 14
005854 375 500 2
009051 375 500 8 17 19
009051 375 500 17 8 19
009051 375 500 19 17 8
000142 375 500 6
003604 375 500 11 19
003604 375 500 19 11
002249 332 500 12
005952 375 500 0
008550 375 500 6 14
008550 375 500 14 6
006738 375 500 1 14
006738 375 500 14 1
003847 375 500 14
000017 364 480 12 14
000017 364 480 14 12
007884 416 500 1 14
007884 416 500 14 1
000259 362 500 14
001110 375 500 7
009920 500 334 6
009755 334 500 14 17
009755 334 500 17 14
004552 375 500 5
009935 375 500 8 14 19
009935 375 500 14 8 19
009935 375 500 19 14 8
002738 281 500 3
008268 334 500 6
001204 375 500 8 17 19
001204 375 500 17 8 19
001204 375 500 19 17 8
000552 331 500 0
007029 375 500 1
003351 375 500 7
003261 375 500 6 14
003261 375 500 14 6
003403 334 500 12 14
003403 334 500 14 12
004339 500 332 12 14
004339 500 332 14 12
000323 375 500 14
006892 375 500 4 8 10
006892 375 500 8 4 10
006892 375 500 10 8 4
008692 333 500 0 14
008692 333 500 14 0
006585 331 500 13 14
006585 331 500 14 13
001121 500 375 3
003362 332 500 12 14
003362 332 500 14 12
003548 375 500 14
006548 375 500 2
004093 333 500 8
006350 377 500 0
008976 375 500 7 17
008976 375 500 17 7
004052 319 500 0
005215 375 500 13
002413 500 375 14
006597 384 500 11
003510 375 500 8 14
003510 375 500 14 8
004452 375 500 0
008368 332 500 14 17
008368 332 500 17 14
005991 500 375 14 15
005991 500 375 15 14
001676 236 500 6
002847 333 500 0
000814 500 348 14
006252 375 500 11
008275 357 500 0
001413 375 500 2
009150 500 375 2
000113 332 500 14
004839 500 332 3
000628 392 500 6 14 15
000628 392 500 14 6 15
000628 392 500 15 14 6
009247 333 500 8 10
009247 333 500 10 8
001588 333 500 17 19
001588 333 500 19 17
005988 375 500 6 11 14
005988 375 500 11 6 14
005988 375 500 14 11 6
009295 375 500 1 14 19
009295 375 500 14 1 19
009295 375 500 19 14 1
006707 375 500 8 14 17
006707 375 500 14 8 17
006707 375 500 17 14 8
007165 500 375 16
009066 351 500 11
009068 375 500 8 14 15 17
009068 375 500 14 8 15 17
009068 375 500 15 14 8 17
009068 375 500 17 14 15 8
001287 401 500 12 14
001287 401 500 14 12
002054 414 500 18
006507 375 500 11
003499 375 500 18
005783 333 500 13
009464 375 500 7
000363 333 500 2
008624 375 500 8
009351 375 500 0
006123 375 500 3
004737 333 500 11
008423 322 500 2
006908 375 500 4 14
006908 375 500 14 4
004527 500 500 16
009745 375 500 6
005687 333 500 8 10 15
005687 333 500 10 8 15
005687 333 500 15 10 8
006953 375 500 3
007035 375 500 12 14
007035 375 500 14 12
008029 333 500 15
006319 375 500 15
008370 500 417 2
006286 375 500 8 10 14
006286 375 500 10 8 14
006286 375 500 14 10 8
007691 375 500 6
005161 375 500 12 14
005161 375 500 14 12
004012 500 375 8 14
004012 500 375 14 8
004307 332 500 12
007543 375 500 1 14
007543 375 500 14 1
001443 374 500 7 8
001443 374 500 8 7
005150 400 500 1 3
005150 400 500 3 1
007631 375 500 4 8 14
007631 375 500 8 4 14
007631 375 500 14 8 4
000336 430 500 11
003077 332 500 8 14 17
003077 332 500 14 8 17
003077 332 500 17 14 8
009278 375 500 1
000305 500 333 1 14
000305 500 333 14 1
004490 375 500 16
000134 371 500 6
003183 375 500 0
006909 375 500 0
005037 500 333 14
007694 375 500 11 14
007694 375 500 14 11
003150 375 500 14 17
003150 375 500 17 14
005224 375 500 15
004275 500 375 13 14 15
004275 500 375 14 13 15
004275 500 375 15 14 13
008453 400 500 7 8 14
008453 400 500 8 7 14
008453 400 500 14 8 7
000808 333 500 9
007663 375 500 6
000726 333 500 4 14
000726 333 500 14 4
007350 360 480 8 10 14
007350 360 480 10 8 14
007350 360 480 14 10 8
005230 374 500 1 14
005230 374 500 14 1
006362 375 500 6
002152 500 500 9
008730 375 500 3
009024 500 332 12 14
009024 500 332 14 12
007263 375 500 8 17 19
007263 375 500 17 8 19
007263 375 500 19 17 8
005440 335 500 18
005311 332 500 10 14
005311 332 500 14 10
006306 333 500 0
003420 375 500 6
007915 375 500 14 19
007915 375 500 19 14
007007 374 500 4 10 14
007007 374 500 10 4 14
007007 374 500 14 10 4
000424 325 500 2
006587 375 500 14
004982 333 500 0
006814 375 500 19
007486 333 500 0
008159 500 375 8 10
008159 500 375 10 8
005756 375 500 6
000555 375 500 8 14 17
000555 375 500 14 8 17
000555 375 500 17 14 8
006509 500 333 8 17
006509 500 333 17 8
005815 375 500 6 18
005815 375 500 18 6
003830 344 500 18
000171 500 375 11 14
000171 500 375 14 11
007280 333 500 0
000610 335 500 0
001097 334 500 14
009086 281 500 18
005885 375 500 14
008967 333 500 4
003374 359 480 11 15 19
003374 359 480 15 11 19
003374 359 480 19 15 11
002544 375 500 6
001420 332 500 12 14 15
001420 332 500 14 12 15
001420 332 500 15 14 12
001201 333 500 13 14
001201 333 500 14 13
004905 333 500 0
006129 333 500 0
005307 375 500 7 14
005307 375 500 14 7
002382 240 360 14 17
002382 240 360 17 14
000318 331 500 6
009456 375 500 1 14
009456 375 500 14 1
005603 333 500 2
008482 375 500 6 14
008482 375 500 14 6
009836 333 500 3
004106 375 500 8 17 19
004106 375 500 17 8 19
004106 375 500 19 17 8
004269 332 500 14
009457 375 500 13
005260 235 500 13 14
005260 235 500 14 13
001036 375 500 14
008280 335 500 0
004322 500 333 4 14
004322 500 333 14 4
005524 500 334 11 17
005524 500 334 17 11
002772 375 500 6
004826 375 500 9 14
004826 375 500 14 9
006209 375 500 14 19
006209 375 500 19 14
007820 333 500 0
000328 332 500 12 14
000328 332 500 14 12
005749 375 500 6
009517 500 333 6 14
009517 500 333 14 6
005242 333 500 4 10 14 17
005242 333 500 10 4 14 17
005242 333 500 14 10 4 17
005242 333 500 17 10 14 4
000738 332 500 0
001582 375 500 7
009437 375 500 8 10 14
009437 375 500 10 8 14
009437 375 500 14 10 8
002801 375 500 8 10
002801 375 500 10 8
008913 375 500 19
008051 375 500 2
001294 375 500 6
007210 375 500 19
002730 333 500 6 14
002730 333 500 14 6
008244 375 500 18
002564 333 500 14 17
002564 333 500 17 14
000519 375 500 3
003963 375 500 14 17 19
003963 375 500 17 14 19
003963 375 500 19 17 14
008636 375 500 9
000121 375 500 19
002310 333 500 2
000491 334 500 9
009911 400 500 0
007790 375 500 4 6 8
007790 375 500 6 4 8
007790 375 500 8 6 4
009273 375 500 8 10 14
009273 375 500 10 8 14
009273 375 500 14 10 8
007021 373 500 4 8 10
007021 373 500 8 4 10
007021 373 500 10 8 4
009465 346 393 12
000899 333 500 18
002501 375 500 8 14 17
002501 375 500 14 8 17
002501 375 500 17 14 8
003644 281 500 8 10 14
003644 281 500 10 8 14
003644 281 500 14 10 8
007831 500 384 2
007566 336 500 6 14
007566 336 500 14 6
003937 333 500 7
005592 375 500 6
003589 358 500 1 14
003589 358 500 14 1
008316 333 500 18
004229 375 500 13 14
004229 375 500 14 13
008801 411 500 6 13 14
008801 411 500 13 6 14
008801 411 500 14 13 6
005768 330 500 1 14
005768 330 500 14 1
005788 375 500 14 17
005788 375 500 17 14
005348 500 333 14
004329 375 500 6 14
004329 375 500 14 6
002117 500 375 11 14 19
002117 500 375 14 11 19
002117 500 375 19 14 11
003239 375 500 8 15
003239 375 500 15 8
002584 500 304 6 14
002584 500 304 14 6
002537 391 458 11
002565 375 500 14 18
002565 375 500 18 14
004601 333 500 13 14
004601 333 500 14 13
008105 375 500 6 14
008105 375 500 14 6
007466 331 500 1 8 13 14
007466 331 500 8 1 13 14
007466 331 500 13 8 1 14
007466 331 500 14 8 13 1
005380 500 375 7 8
005380 500 375 8 7
008323 375 500 17
007159 375 500 6 14
007159 375 500 14 6
005318 375 500 6
006069 500 500 7 15
006069 500 500 15 7
008269 335 500 7
000296 348 500 3 6
000296 348 500 6 3
002120 335 500 2 14
002120 335 500 14 2
003178 375 500 18
001933 375 500 2
005888 375 500 11
005438 342 500 8 17
005438 342 500 17 8
001406 375 500 11 14 17
001406 375 500 14 11 17
001406 375 500 17 14 11
005345 500 375 4 8 10
005345 500 375 8 4 10
005345 500 375 10 8 4
008168 375 500 2
006158 375 500 14 17 19
006158 375 500 17 14 19
006158 375 500 19 17 14
007924 360 238 2
005319 500 428 16
003236 375 500 14 17
003236 375 500 17 14
009157 375 500 8 10
009157 375 500 10 8
004859 500 375 8 14
004859 500 375 14 8
005303 500 378 11 14
005303 500 378 14 11
000450 500 375 18
006850 500 390 12 14
006850 500 390 14 12
001288 342 500 0
007261 500 377 6 14
007261 500 377 14 6
003355 335 500 6 14
003355 335 500 14 6
003759 375 500 14 19
003759 375 500 19 14
004293 374 500 11
005654 372 500 18
005574 375 500 0 14
005574 375 500 14 0
008001 353 500 6
000688 317 500 6 14
000688 317 500 14 6
005979 332 500 6 14
005979 332 500 14 6
004671 500 317 4
001989 375 500 14
009913 375 500 6
009882 372 500 14 19
009882 372 500 19 14
008727 500 375 6
008620 375 500 11
007843 480 500 6
005171 313 500 3
008072 325 450 8 10 14
008072 325 450 10 8 14
008072 325 450 14 10 8
005057 335 500 1 14
005057 335 500 14 1
001018 375 500 8 10 17
001018 375 500 10 8 17
001018 375 500 17 10 8
000865 375 500 4 8 10 14 15
000865 375 500 8 4 10 14 15
000865 375 500 10 8 4 14 15
000865 375 500 14 8 10 4 15
000865 375 500 15 8 10 14 4
000396 375 500 6
006922 333 500 0
008706 333 500 6 9 14
008706 333 500 9 6 14
008706 333 500 14 9 6
001043 333 500 7
006097 333 500 6
002508 333 500 1
006175 275 500 14
000322 332 500 14
002555 375 500 12 14
002555 375 500 14 12
001360 326 500 6
003015 375 500 12
008917 500 500 7
005419 480 310 12 14
005419 480 310 14 12
006043 375 500 6 14
006043 375 500 14 6
009091 375 500 14
008503 375 500 5 6 14
008503 375 500 6 5 14
008503 375 500 14 6 5
008921 400 500 14
006867 269 360 3
009271 375 500 16
002439 375 500 0 6
002439 375 500 6 0
009918 333 500 11 14
009918 333 500 14 11
008519 375 500 2
006473 374 500 7 17 19
006473 374 500 17 7 19
006473 374 500 19 17 7
005606 379 500 4 14
005606 379 500 14 4
001042 375 500 11 14
001042 375 500 14 11
003284 375 500 3 8 10 11 14 15 17
003284 375 500 8 3 10 11 14 15 17
003284 375 500 10 8 3 11 14 15 17
003284 375 500 11 8 10 3 14 15 17
003284 375 500 14 8 10 11 3 15 17
003284 375 500 15 8 10 11 14 3 17
003284 375 500 17 8 10 11 14 15 3
008285 375 500 14 19
008285 375 500 19 14
008635 372 500 2
001759 375 500 11 14
001759 375 500 14 11
003406 375 500 6 14
003406 375 500 14 6
002022 333 500 13 14
002022 333 500 14 13
005631 500 375 5 14
005631 500 375 14 5
001800 500 375 14 17
001800 500 375 17 14
006739 375 500 2 14
006739 375 500 14 2
005486 375 500 6
008604 375 500 3 14
008604 375 500 14 3
009112 500 375 11
007605 352 500 14
004371 491 500 3
009519 500 375 15
008477 358 500 11
008513 375 500 14
006570 375 500 11
004323 500 332 12 14
004323 500 332 14 12
005611 369 480 12 14
005611 369 480 14 12
004145 375 500 6 13 14
004145 375 500 13 6 14
004145 375 500 14 13 6
007214 500 375 11 14
007214 500 375 14 11
000468 500 333 14
005175 375 500 0
000911 324 500 1 5 6 14
000911 324 500 5 1 6 14
000911 324 500 6 5 1 14
000911 324 500 14 5 6 1
001721 341 500 14
003611 375 500 12 14
003611 375 500 14 12
001212 375 500 14 15
001212 375 500 15 14
003359 382 500 6
006839 375 500 13
005980 375 500 7
001274 500 375 7
006391 500 375 8 14
006391 500 375 14 8
005911 375 500 5
008962 375 500 4
006848 333 500 2
005884 334 500 13 14
005884 334 500 14 13
009408 357 500 0
000156 375 500 6 17
000156 375 500 17 6
000805 500 375 11 14
000805 500 375 14 11
002472 375 500 0 14
002472 375 500 14 0
000306 176 500 9
006001 375 500 18
007932 333 500 6 14
007932 333 500 14 6
006301 375 500 6
001017 500 333 13 14
001017 500 333 14 13
003491 375 500 11
001325 379 500 3 14
001325 379 500 14 3
000146 500 374 14
002763 375 500 9
005582 375 500 14
004886 375 500 4 14
004886 375 500 14 4
001008 375 500 13
007437 333 500 5
004508 334 500 4 14
004508 334 500 14 4
001385 332 500 5 6
001385 332 500 6 5
007243 375 500 12 14
007243 375 500 14 12
007271 375 500 5 13 14
007271 375 500 13 5 14
007271 375 500 14 13 5
007611 375 500 12 14
007611 375 500 14 12
007327 375 500 1 8
007327 375 500 8 1
008444 375 500 6 13 14
008444 375 500 13 6 14
008444 375 500 14 13 6
007869 332 500 2
008718 375 500 14 18
008718 375 500 18 14
000164 375 500 13 14
000164 375 500 14 13
009834 333 500 6
002186 375 500 8 10 14
002186 375 500 10 8 14
002186 375 500 14 10 8
003021 375 500 5
008197 335 500 6
002415 500 332 11
008909 375 500 6
007323 500 228 4
001985 500 333 11
001346 229 500 4 14
001346 229 500 14 4
004364 332 500 8 15 17
004364 332 500 15 8 17
004364 332 500 17 15 8
006625 375 500 6 14
006625 375 500 14 6
001730 375 500 12 14
001730 375 500 14 12
006089 375 500 6
008293 500 333 5 14
008293 500 333 14 5
000523 500 375 12 14
000523 500 375 14 12
001383 375 500 18
000065 335 500 11
002934 500 393 7
009666 500 375 4 14
009666 500 375 14 4
002632 352 288 14
001958 375 500 14
008615 375 500 9
008862 480 318 12 14
008862 480 318 14 12
003605 386 500 18
008498 358 500 3
001455 374 500 1 6 14
001455 374 500 6 1 14
001455 374 500 14 6 1
009884 375 500 15
001239 375 500 11
007629 375 500 14
003555 375 500 6 15
003555 375 500 15 6
005461 375 500 12 14
005461 375 500 14 12
002721 357 500 2
000528 375 500 7
005510 328 500 17
005293 500 375 11
007249 375 500 7
006108 353 500 2
008466 333 500 6
001258 375 500 6
006810 375 500 14
000256 343 500 0
009063 334 500 0
006486 375 500 4 14
006486 375 500 14 4
000026 333 500 6
007974 375 500 7
002648 375 500 16
007908 333 500 5
006501 211 500 5
002866 375 500 8 10
002866 375 500 10 8
000867 500 375 15
006551 375 500 1 14
006551 375 500 14 1
007204 240 320 7
004073 375 500 5 6 14
004073 375 500 6 5 14
004073 375 500 14 6 5
006865 333 500 2
001950 375 500 6 14
001950 375 500 14 6
004135 333 500 0
009179 375 500 5 6
009179 375 500 6 5
008332 375 500 11 14
008332 375 500 14 11
008386 375 500 8 19
008386 375 500 19 8
004370 333 500 4 14
004370 333 500 14 4
007911 498 500 13 14
007911 498 500 14 13
001073 375 500 9
003410 375 500 9
002088 332 500 9
009098 500 418 7
001882 333 500 8 17
001882 333 500 17 8
009623 333 500 6
005989 375 500 13 14
005989 375 500 14 13
002039 332 500 3
006838 333 500 14
006125 375 500 7 17
006125 375 500 17 7
006626 332 500 4 10 14
006626 332 500 10 4 14
006626 332 500 14 10 4
008190 374 500 1 8 14
008190 374 500 8 1 14
008190 374 500 14 8 1
001693 333 500 6
002090 300 400 8 14
002090 300 400 14 8
004743 375 500 7
008226 375 500 2
004255 376 500 13
009438 500 375 12
002518 332 500 4 14
002518 332 500 14 4
003417 335 500 14 18
003417 335 500 18 14
009161 379 500 5 14
009161 379 500 14 5
004085 375 500 11 14
004085 375 500 14 11
004963 334 500 7
009584 375 500 7
005014 375 500 8 14
005014 375 500 14 8
008809 320 500 7
000417 375 500 9
006323 333 500 19
003003 375 500 14
002697 498 480 11
003656 313 500 7
005007 375 500 19
003994 375 500 9 14
003994 375 500 14 9
009439 375 500 2
001078 375 500 7
007914 500 375 2
007296 375 500 2 14
007296 375 500 14 2
008335 334 500 18
004432 500 500 7
009268 500 375 11
009845 375 500 5 6 14
009845 375 500 6 5 14
009845 375 500 14 6 5
000843 333 500 14 19
000843 333 500 19 14
004060 375 500 14 17
004060 375 500 17 14
005852 500 333 14 19
005852 500 333 19 14
004129 375 500 7
002566 375 500 5 6 14
002566 375 500 6 5 14
002566 375 500 14 6 5
004150 500 333 7 19
004150 500 333 19 7
004654 357 500 7 8
004654 357 500 8 7
004938 375 500 17
009289 333 500 18
006434 375 500 11
007619 333 500 8 14 15
007619 333 500 14 8 15
007619 333 500 15 14 8
003516 333 500 8 10
003516 333 500 10 8
005985 500 354 14 15
005985 500 354 15 14
002956 375 500 1
008442 375 500 7
002352 198 500 18
000937 375 500 6 14
000937 375 500 14 6
008911 375 500 5 6 14
008911 375 500 6 5 14
008911 375 500 14 6 5
008749 375 500 15
004518 375 500 14
003154 375 500 5
004069 375 500 2
009468 229 320 12 14
009468 229 320 14 12
004411 375 500 18
004164 375 500 8 17 19
004164 375 500 17 8 19
004164 375 500 19 17 8
003827 330 500 1 14
003827 330 500 14 1
003290 332 500 12 14
003290 332 500 14 12
002494 375 500 9
007274 327 500 0
005270 375 500 7
004649 335 500 18
001439 500 375 8 10
001439 500 375 10 8
003214 375 500 6
006130 375 500 14 17
006130 375 500 17 14
007991 375 500 2
008738 333 500 11 14
008738 333 500 14 11
006133 333 500 6 14
006133 333 500 14 6
004168 439 500 12 14
004168 439 500 14 12
001230 399 500 0
002990 375 500 9 14
002990 375 500 14 9
004295 375 500 6
002525 375 500 18
007241 375 500 5
006141 500 375 4
002579 500 384 2
000161 390 500 6
009528 375 500 7
003390 375 500 6 14
003390 375 500 14 6
006684 375 500 19
004797 333 500 1 14
004797 333 500 14 1
001442 333 500 9
004228 294 500 6
007575 375 500 5
009343 334 500 8 14 17
009343 334 500 14 8 17
009343 334 500 17 14 8
001896 375 500 2
000499 375 500 13 14
000499 375 500 14 13
003735 345 480 12 14
003735 345 480 14 12
008061 375 500 4
003528 375 500 14 17
003528 375 500 17 14
002165 500 331 2
008524 290 400 6 12
008524 290 400 12 6
009774 400 500 6
005244 375 500 18
001444 375 500 4 8 15 17 19
001444 375 500 8 4 15 17 19
001444 375 500 15 8 4 17 19
001444 375 500 17 8 15 4 19
001444 375 500 19 8 15 17 4
002444 375 500 4 14
002444 375 500 14 4
007113 400 127 19
003625 332 500 12 14
003625 332 500 14 12
008326 333 500 0
001409 333 500 6 14
001409 333 500 14 6
001052 375 500 6
003169 375 500 7 17
003169 375 500 17 7
002094 332 500 2
006664 375 500 1 14
006664 375 500 14 1
007675 333 500 14
000878 333 500 1 14
000878 333 500 14 1
005539 351 500 7
006803 500 400 14 18
006803 500 400 18 14
008462 375 500 8 19
008462 375 500 19 8
007926 339 500 18
009763 375 500 7 11 17
009763 375 500 11 7 17
009763 375 500 17 11 7
005975 333 500 0 14
005975 333 500 14 0
000806 500 333 14
005918 333 500 6
004694 500 252 13 14
004694 500 252 14 13
000912 334 500 7
008826 375 500 6
002145 500 340 7 14
002145 500 340 14 7
009466 450 500 8
005434 320 212 7 8
005434 320 212 8 7
003470 500 333 13 14
003470 500 333 14 13
008454 500 375 3
002284 500 375 15
004558 500 333 15
008890 500 375 11
008813 375 500 2 14
008813 375 500 14 2
003282 500 334 14
004117 348 480 12 14
004117 348 480 14 12
003675 333 500 2
009255 200 257 12
000462 375 500 9
009072 500 375 8
002372 500 400 3 14
002372 500 400 14 3
006835 375 500 5 14
006835 375 500 14 5
003945 334 500 1 14
003945 334 500 14 1
000760 332 500 12 14
000760 332 500 14 12
006674 500 332 7
002460 375 500 1 14
002460 375 500 14 1
000132 421 500 5
006436 375 500 3
008338 168 500 5
002931 375 500 4 14 17 19
002931 375 500 14 4 17 19
002931 375 500 17 14 4 19
002931 375 500 19 14 17 4
000954 332 500 2
001918 375 500 14
009822 375 500 5 6 13 14
009822 375 500 6 5 13 14
009822 375 500 13 6 5 14
009822 375 500 14 6 13 5
002345 500 375 11
007538 375 500 8
005821 375 500 8 15
005821 375 500 15 8
009596 331 500 6 13 14
009596 331 500 13 6 14
009596 331 500 14 13 6
004020 375 500 14 19
004020 375 500 19 14
005648 500 334 14
004171 500 446 2
002776 332 500 5 6 14
002776 332 500 6 5 14
002776 332 500 14 6 5
002335 375 500 17
007815 368 500 6 14
007815 368 500 14 6
005843 375 500 9
004929 375 500 11
003188 375 500 1 14
003188 375 500 14 1
007489 395 500 11
002318 375 500 13
008512 400 500 11
002387 375 500 9 14
002387 375 500 14 9
003708 500 375 8 10 14
003708 500 375 10 8 14
003708 500 375 14 10 8
003924 500 375 15
004039 500 375 14
000857 375 500 7
007931 375 500 6 14 18
007931 375 500 14 6 18
007931 375 500 18 14 6
004091 375 500 6 14
004091 375 500 14 6
000554 375 500 6 14 17
000554 375 500 14 6 17
000554 375 500 17 14 6
005861 338 500 6
007984 374 500 13 14
007984 374 500 14 13
002735 480 423 12 14
002735 480 423 14 12
002305 375 500 8 15
002305 375 500 15 8
009126 375 500 5
007361 375 500 3 18
007361 375 500 18 3
002727 333 500 1 14
002727 333 500 14 1
003946 500 333 11 14
003946 500 333 14 11
003377 500 375 2
009859 333 500 14
009417 375 500 16
002932 500 375 14
002667 333 500 6
002935 235 314 14
009303 99 500 10 14
009303 99 500 14 10
009718 375 500 6 14 18
009718 375 500 14 6 18
009718 375 500 18 14 6
005541 375 500 4 14
005541 375 500 14 4
002366 375 500 13
007959 500 334 8 17
007959 500 334 17 8
007438 500 329 14
000416 375 500 16
004746 335 500 18
000577 333 500 12
009113 375 500 9
001529 375 500 8 17 19
001529 375 500 17 8 19
001529 375 500 19 17 8
006181 375 500 2
000340 375 500 2
004178 307 500 11
006041 375 500 14 17 19
006041 375 500 17 14 19
006041 375 500 19 17 14
002514 333 500 14 19
002514 333 500 19 14
000871 375 500 6
009949 375 500 8 14 17
009949 375 500 14 8 17
009949 375 500 17 14 8
003453 375 500 14 17
003453 375 500 17 14
001714 500 332 16
003398 375 500 19
003086 375 500 14
008688 325 500 15
009659 375 500 8 14
009659 375 500 14 8
005346 330 500 14 15 17
005346 330 500 15 14 17
005346 330 500 17 15 14
004782 334 500 1 14
004782 334 500 14 1
008880 375 500 7
009282 342 456 6
004783 334 500 2
001152 336 448 5 14
001152 336 448 14 5
009832 375 500 5
000427 334 500 13
003255 375 500 17
005298 333 500 14
005306 375 500 12 14
005306 375 500 14 12
004849 500 336 18
004990 375 500 14 17
004990 375 500 17 14
001782 429 500 2
003797 414 500 3 14
003797 414 500 14 3
003974 380 500 3 6 14
003974 380 500 6 3 14
003974 380 500 14 6 3
007305 331 500 6 13 14
007305 331 500 13 6 14
007305 331 500 14 13 6
005784 442 500 8 14
005784 442 500 14 8
005971 333 500 14
004609 500 375 11 14
004609 500 375 14 11
009331 375 500 11 12 14
009331 375 500 12 11 14
009331 375 500 14 12 11
005485 375 500 2 14
005485 375 500 14 2
005027 375 500 8 14 19
005027 375 500 14 8 19
005027 375 500 19 14 8
005315 375 500 1 14
005315 375 500 14 1
009905 361 500 0
008628 500 375 8 14 17
008628 500 375 14 8 17
008628 500 375 17 14 8
004532 374 500 3
001680 500 375 11
009537 281 500 14 18
009537 281 500 18 14
005761 361 500 14
002385 375 500 10 14
002385 375 500 14 10
009208 333 500 12 14
009208 333 500 14 12
003258 333 500 17 19
003258 333 500 19 17
004789 332 500 12 14
004789 332 500 14 12
003664 375 500 8 14
003664 375 500 14 8
006230 375 500 11
003969 334 500 2 11
003969 334 500 11 2
003623 375 500 2
004955 374 500 7 19
004955 374 500 19 7
009746 375 500 8 19
009746 375 500 19 8
002332 375 500 14 17
002332 375 500 17 14
006948 375 500 4 14
006948 375 500 14 4
001726 375 500 1 14
001726 375 500 14 1
002969 375 500 2
009655 500 375 14 17
009655 500 375 17 14
009368 375 500 6 14
009368 375 500 14 6
000338 333 500 6 14
000338 333 500 14 6
006645 500 332 12 14
006645 500 332 14 12
000208 375 500 8 10 17
000208 375 500 10 8 17
000208 375 500 17 10 8
003699 375 500 14 15 17
003699 375 500 15 14 17
003699 375 500 17 15 14
006430 375 500 2
008988 375 500 18
002419 344 500 13 14
002419 344 500 14 13
003621 343 500 1 5 14
003621 343 500 5 1 14
003621 343 500 14 5 1
003818 335 500 18
007004 375 500 1 6 14
007004 375 500 6 1 14
007004 375 500 14 6 1
007344 375 500 7 15
007344 375 500 15 7
005825 333 500 3
007950 375 500 6
005889 375 500 14
003259 333 500 4 8 10 14
003259 333 500 8 4 10 14
003259 333 500 10 8 4 14
003259 333 500 14 8 10 4
009192 375 500 19
000671 500 326 1
005370 333 500 3
001107 332 500 0
001930 346 500 14 18
001930 346 500 18 14
002704 500 334 6
009393 372 500 1 13 14
009393 372 500 13 1 14
009393 372 500 14 13 1
002800 425 488 12
006893 500 375 6
007715 375 500 15
001650 333 500 8 17 19
001650 333 500 17 8 19
001650 333 500 19 17 8
002826 500 333 11 14
002826 500 333 14 11
002134 375 500 6
008241 375 500 13 14
008241 375 500 14 13
006249 371 414 12
006254 333 500 18
003116 400 500 2
002842 332 500 12 14
002842 332 500 14 12
001691 375 500 5 14
001691 375 500 14 5
000545 500 375 6 14
000545 500 375 14 6
000130 375 500 3
004031 375 500 7 14 17
004031 375 500 14 7 17
004031 375 500 17 14 7
003855 375 500 1 13 14
003855 375 500 13 1 14
003855 375 500 14 13 1
000565 375 500 1
003923 333 500 8 10 14
003923 333 500 10 8 14
003923 333 500 14 10 8
003808 333 500 19
003705 375 500 16
002056 500 375 5 6
002056 500 375 6 5
007152 334 500 0
008770 333 500 0
004587 500 333 11
004644 333 500 11
004205 333 500 14
009540 333 500 13
000772 480 360 11
007956 375 500 10 15
007956 375 500 15 10
001758 500 374 11 14
001758 500 374 14 11
009128 420 304 14
004912 375 500 1 8
004912 375 500 8 1
003262 375 500 4
000694 375 500 14
009138 375 500 12
006171 375 500 11 14 17
006171 375 500 14 11 17
006171 375 500 17 14 11
003863 335 500 3 14
003863 335 500 14 3
008468 240 320 8 15 17
008468 240 320 15 8 17
008468 240 320 17 15 8
009100 363 500 4
002689 375 500 14
009710 375 500 9
002741 333 500 14 18
002741 333 500 18 14
007731 500 375 6
000667 500 434 12
006860 333 500 0
005682 375 500 14 15
005682 375 500 15 14
002606 335 500 6
006219 375 500 11
003655 500 375 6 14
003655 500 375 14 6
006221 375 500 1 14
006221 375 500 14 1
009022 375 500 11 14
009022 375 500 14 11
005645 375 500 6 14
005645 375 500 14 6
003231 500 375 6
002218 327 500 8 11
002218 327 500 11 8
009807 333 500 12
006285 332 500 12 14
006285 332 500 14 12
000154 333 500 3
003395 500 375 1 14 17
003395 500 375 14 1 17
003395 500 375 17 14 1
009729 333 500 6
007657 347 500 14
002867 500 374 5 14
002867 500 374 14 5
001833 375 500 1 14
001833 375 500 14 1
004692 500 375 8 11 14
004692 500 375 11 8 14
004692 500 375 14 11 8
003990 375 500 11
000752 332 500 14 17
000752 332 500 17 14
005189 405 500 14
007299 375 500 2
007670 333 500 13
009032 375 500 15 19
009032 375 500 19 15
005186 375 500 8 15 17
005186 375 500 15 8 17
005186 375 500 17 15 8
006424 375 500 8 17
006424 375 500 17 8
009726 375 500 4 10 14
009726 375 500 10 4 14
009726 375 500 14 10 4
008836 375 500 14
009336 375 500 6 14
009336 375 500 14 6
003993 333 500 0
001828 500 333 8 14
001828 500 333 14 8
002458 375 500 13 14
002458 375 500 14 13
002804 375 500 6 12 14
002804 375 500 12 6 14
002804 375 500 14 12 6
008032 333 500 2
003424 500 333 12 14
003424 500 333 14 12
006603 500 330 1
004409 323 500 11
007172 336 500 1 14
007172 336 500 14 1
003129 375 500 8 14
003129 375 500 14 8
001830 500 373 14
009764 375 500 5
006576 500 375 4 10 14
006576 500 375 10 4 14
006576 500 375 14 10 4
000848 334 500 8 14 17
000848 334 500 14 8 17
000848 334 500 17 14 8
004509 500 333 1 14
004509 500 333 14 1
009546 500 375 14 17
009546 500 375 17 14
005679 360 500 6
001964 375 500 2
000486 500 375 7
007363 317 500 6
006078 375 500 8 19
006078 375 500 19 8
004089 334 500 6 14
004089 334 500 14 6
006519 375 500 4 10 14
006519 375 500 10 4 14
006519 375 500 14 10 4
008429 339 500 6
005258 375 500 13
009702 333 500 0
001945 480 318 12 14
001945 480 318 14 12
008208 500 375 9
009737 332 500 6 17
009737 332 500 17 6
004631 500 375 8 14 15
004631 500 375 14 8 15
004631 500 375 15 14 8
000480 375 500 0 14
000480 375 500 14 0
009900 500 375 6 14
009900 500 375 14 6
000089 374 500 8 14
000089 374 500 14 8
002963 375 500 16
003094 333 500 6
003593 333 500 16
001970 375 500 4
001864 375 500 8 14
001864 375 500 14 8
006772 349 500 14
005033 379 500 2
001206 375 500 11 14
001206 375 500 14 11
009531 375 500 14
000210 374 500 6 14
000210 374 500 14 6
001378 500 383 2 14
001378 500 383 14 2
006636 375 500 0
009458 500 473 4
005817 375 500 15
001899 332 500 6 13 14
001899 332 500 13 6 14
001899 332 500 14 13 6
005992 375 500 11 14 17
005992 375 500 14 11 17
005992 375 500 17 14 11
004258 375 500 3 14
004258 375 500 14 3
007859 337 500 16
008955 500 375 19
007729 375 500 19
003435 334 500 14
003162 366 500 13 14
003162 366 500 14 13
009886 375 500 7
009205 334 500 6
001699 332 500 6 12
001699 332 500 12 6
001418 480 405 11
000133 500 447 12 14
000133 500 447 14 12
006353 375 500 7
000590 337 500 6
007150 375 500 13 14
007150 375 500 14 13
003120 375 500 8 10 17 19
003120 375 500 10 8 17 19
003120 375 500 17 10 8 19
003120 375 500 19 10 17 8
005220 375 500 14
002466 333 500 11
003743 281 500 17
000802 375 500 1 14
000802 375 500 14 1
003038 335 500 18
009800 460 500 2 14
009800 460 500 14 2
000112 500 333 8 11
000112 500 333 11 8
001160 333 500 0
006004 500 333 8 14
006004 500 333 14 8
008180 500 333 1 14
008180 500 333 14 1
002717 375 500 2
008596 480 356 12 14
008596 480 356 14 12
000162 375 500 14 19
000162 375 500 19 14
008942 375 500 16
002759 374 500 6 13 14
002759 374 500 13 6 14
002759 374 500 14 13 6
007666 375 500 18
003519 375 500 2
002063 500 375 8 10
002063 500 375 10 8
000298 388 500 14
005391 375 500 0
009717 333 500 3 9 14
009717 333 500 9 3 14
009717 333 500 14 9 3
009776 375 500 6 13 14
009776 375 500 13 6 14
009776 375 500 14 13 6
004526 375 500 6
008953 500 332 4 14
008953 500 332 14 4
005371 333 500 2 14
005371 333 500 14 2
005086 375 500 8 10 14
005086 375 500 10 8 14
005086 375 500 14 10 8
009748 374 500 11
006404 500 320 9
006367 333 500 2
007467 333 500 18
005747 259 500 6 14
005747 259 500 14 6
006468 375 500 18
000876 334 500 7
009743 379 500 7
009004 334 500 13
004507 375 500 13
005517 333 500 8 15 19
005517 333 500 15 8 19
005517 333 500 19 15 8
002302 375 500 3 14
002302 375 500 14 3
006096 375 500 5
005052 500 325 4 14
005052 500 325 14 4
008086 333 500 14 18
008086 333 500 18 14
003639 375 500 3
007031 500 375 14
009016 500 375 4
000189 375 500 2
007068 500 357 6
003007 332 500 6
000320 500 375 6 14
000320 500 375 14 6
006549 500 375 3
004459 375 500 0 14
004459 375 500 14 0
001906 301 500 7
005826 375 500 14
003219 500 334 4 8 10
003219 500 334 8 4 10
003219 500 334 10 8 4
007618 500 375 14
009504 500 480 13 14
009504 500 480 14 13
002163 375 500 14
004300 375 500 13
002569 500 378 15
007477 500 431 3
009541 500 375 8 14
009541 500 375 14 8
005760 375 500 6
005420 500 445 3
006185 375 500 8 14
006185 375 500 14 8
003912 394 500 7
003170 375 500 14 16
003170 375 500 16 14
004468 500 174 4
000717 375 500 8 14
000717 375 500 14 8
004706 357 500 1 14
004706 357 500 14 1
008973 333 500 9
008364 322 500 18
009461 375 500 0
001215 375 500 1
008586 379 500 6
008790 327 500 18
005863 375 500 8 14
005863 375 500 14 8
001847 370 500 3
008160 375 500 6 14
008160 375 500 14 6
004272 500 375 11
008822 333 500 11
007615 375 500 2
007481 332 500 2
006506 332 500 12 14
006506 332 500 14 12
009236 318 480 12 14
009236 318 480 14 12
006637 375 500 1 14
006637 375 500 14 1
009709 500 375 4
000500 375 500 1 14
000500 375 500 14 1
006813 291 500 7
001176 375 500 3
007720 375 500 7 8 10
007720 375 500 8 7 10
007720 375 500 10 8 7
000855 500 375 1 5 6 14
000855 500 375 5 1 6 14
000855 500 375 6 5 1 14
000855 500 375 14 5 6 1
007854 500 301 1
009681 375 500 0
006869 375 500 7
000129 500 334 1 14
000129 500 334 14 1
006210 375 500 6 14
006210 375 500 14 6
002104 332 500 13 14
002104 332 500 14 13
006933 332 500 12
001012 333 500 0
009459 353 500 2
002479 375 500 3
006606 333 500 11
000249 333 500 8 10
000249 333 500 10 8
002272 375 500 1 14
002272 375 500 14 1
006972 333 500 8 10
006972 333 500 10 8
006703 500 334 14
007902 375 500 13 14
007902 375 500 14 13
009588 335 500 18
007314 375 500 13 14
007314 375 500 14 13
004286 333 500 0
006562 247 500 9
005588 375 500 6
000325 375 500 0
001156 399 500 7
004830 333 500 6 14
004830 333 500 14 6
007461 375 500 4
005509 335 500 0 6 14
005509 335 500 6 0 14
005509 335 500 14 6 0
009567 375 500 14 17
009567 375 500 17 14
001855 375 500 2
007375 375 500 0 14
007375 375 500 14 0
004333 375 500 4
000494 500 375 6
009897 375 500 9
008189 375 500 9
007523 332 500 2
008961 407 500 8 14
008961 407 500 14 8
009269 496 500 6
006799 500 500 2
002598 500 333 15
001404 375 500 7
007672 375 500 17
008965 333 500 14
001127 375 500 11 17
001127 375 500 17 11
007141 375 500 4
005566 375 500 6
008710 335 500 18
004013 423 500 2
004584 375 500 17
006931 500 333 6
000404 333 500 6
006098 500 375 2 3
006098 500 375 3 2
005714 375 500 3 14
005714 375 500 14 3
002615 333 500 16
005765 375 500 14
007603 375 500 12
002677 500 333 7
007289 333 500 3
006163 500 357 14
008422 375 500 19
005408 300 400 11
002715 375 500 1 14
002715 375 500 14 1
003703 375 500 6 14
003703 375 500 14 6
002529 375 500 10 14
002529 375 500 14 10
007213 375 500 8 10 14
007213 375 500 10 8 14
007213 375 500 14 10 8
006033 500 375 14
006617 332 500 12 14
006617 332 500 14 12
008584 500 340 3
000349 375 500 8 10 19
000349 375 500 10 8 19
000349 375 500 19 10 8
005325 375 500 3
001493 375 500 4 14
001493 375 500 14 4
001093 400 500 6
009325 375 500 19
007856 333 500 6 14
007856 333 500 14 6
008098 375 500 5 6
008098 375 500 6 5
003750 375 500 2 9
003750 375 500 9 2
008796 380 500 2
004882 333 500 13 14
004882 333 500 14 13
004121 332 500 14 15
004121 332 500 15 14
002504 374 500 6 14
002504 374 500 14 6
004200 270 375 9
000501 500 389 11
009676 375 500 6 14
009676 375 500 14 6
008437 500 333 12 14
008437 500 333 14 12
005267 335 500 18
005210 281 500 19
004170 335 500 3 14
004170 335 500 14 3
004264 375 500 11
009719 413 500 12
009494 333 500 13 14
009494 333 500 14 13
008549 333 500 6 15
008549 333 500 15 6
003053 333 500 6 18
003053 333 500 18 6
008969 375 500 6
006216 375 500 13
007680 375 500 2
007197 334 500 7
001234 500 260 11 14 19
001234 500 260 14 11 19
001234 500 260 19 14 11
009000 375 500 6 11 14
009000 375 500 11 6 14
009000 375 500 14 11 6
001834 334 500 10
007798 500 375 4
003966 500 375 5 14
003966 500 375 14 5
003549 278 370 1
002180 375 500 6 14 18
002180 375 500 14 6 18
002180 375 500 18 14 6
006128 323 500 6 14 16
006128 323 500 14 6 16
006128 323 500 16 14 6
006689 374 500 8 10
006689 374 500 10 8
005812 334 500 11
004376 374 500 7
009573 337 500 13 14
009573 337 500 14 13
001414 375 500 6 14
001414 375 500 14 6
008971 294 500 0
004367 375 500 6
008621 257 500 18
009605 375 500 11
003147 332 500 11 14
003147 332 500 14 11
000158 375 500 2
008865 334 500 14 17
008865 334 500 17 14
005819 375 500 7
006619 333 500 0
007187 375 500 14 17
007187 375 500 17 14
009571 333 500 0
007105 333 500 17
005983 375 500 2
002253 385 500 1 4
002253 385 500 4 1
004962 333 500 6
000947 500 238 11
002011 375 500 11
003350 334 500 8 10 14
003350 334 500 10 8 14
003350 334 500 14 10 8
003149 375 500 4
005773 497 434 8 14
005773 497 434 14 8
006930 375 500 17
007933 375 500 1
008975 375 500 8 14 17
008975 375 500 14 8 17
008975 375 500 17 14 8
005278 318 480 12 14
005278 318 480 14 12
006111 375 500 9
003140 335 500 14
009512 500 375 9 12 14
009512 500 375 12 9 14
009512 500 375 14 12 9
008739 500 333 6 14
008739 500 333 14 6
002002 375 500 8
006660 400 500 3 6
006660 400 500 6 3
007125 370 308 3
008923 209 500 6
007388 375 500 14
005395 375 500 16
006602 500 356 11 14
006602 500 356 14 11
006176 481 500 14
003727 500 333 2
006963 331 500 7 8 14 17
006963 331 500 8 7 14 17
006963 331 500 14 8 7 17
006963 331 500 17 8 14 7
008989 375 500 4
001129 270 500 14 17
001129 270 500 17 14
009175 375 500 7 15
009175 375 500 15 7
003781 375 500 14
000173 480 394 12 14
000173 480 394 14 12
002328 375 500 19
009249 375 500 8 19
009249 375 500 19 8
001806 500 328 9 14
001806 500 328 14 9
001290 410 500 6
003369 375 500 0 14 19
003369 375 500 14 0 19
003369 375 500 19 14 0
005839 500 487 6
008082 333 500 14 15
008082 333 500 15 14
001327 500 375 14
000763 333 500 0
004540 500 333 17
001738 375 500 11
008426 398 500 2
007571 375 500 1 14
007571 375 500 14 1
005736 333 500 13
008127 334 500 8 10 14 15
008127 334 500 10 8 14 15
008127 334 500 14 10 8 15
008127 334 500 15 10 14 8
008042 375 500 4 14 17
008042 375 500 14 4 17
008042 375 500 17 14 4
004553 334 500 12 14
004553 334 500 14 12
000908 375 500 0
000626 400 500 14 19
000626 400 500 19 14
002523 375 500 1
009180 333 500 13 14
009180 333 500 14 13
009577 375 500 8 10 14
009577 375 500 10 8 14
009577 375 500 14 10 8
006841 316 500 9 14
006841 316 500 14 9
003061 333 500 8
009898 333 500 6
006896 375 500 14
006046 332 500 3
003992 334 500 13 14
003992 334 500 14 13
008871 409 500 16
007517 500 333 7
002710 331 500 14
007753 375 500 7
006318 375 500 7
004136 375 500 1 5 6 14
004136 375 500 5 1 6 14
004136 375 500 6 5 1 14
004136 375 500 14 5 6 1
005297 333 500 14
007748 500 332 12 14
007748 500 332 14 12
004499 375 500 14 17
004499 375 500 17 14
004960 500 426 15
009373 375 500 19
006994 301 500 11
005912 333 500 2
001559 480 360 6
002234 375 500 3
002891 360 500 18
002709 432 500 2
004102 375 500 18
007033 375 500 0
008764 500 400 2
007633 329 500 5
007537 333 500 11
005764 500 375 14
007180 500 375 7 8 15 17
007180 500 375 8 7 15 17
007180 500 375 15 8 7 17
007180 500 375 17 8 15 7
008261 500 332 3 14
008261 500 332 14 3
005660 500 417 14 18
005660 500 417 18 14
004953 358 500 1 5 14
004953 358 500 5 1 14
004953 358 500 14 5 1
003695 318 480 18
001010 375 500 19
002939 375 500 4 8 14 19
002939 375 500 8 4 14 19
002939 375 500 14 8 4 19
002939 375 500 19 8 14 4
002713 500 375 12 14
002713 500 375 14 12
009754 375 500 14
003673 375 500 11
004221 375 500 2
004943 333 500 4 10 14
004943 333 500 10 4 14
004943 333 500 14 10 4
006409 375 500 4 10 14
006409 375 500 10 4 14
006409 375 500 14 10 4
004274 375 500 15 19
004274 375 500 19 15
006264 374 500 2
005814 375 500 4 14 19
005814 375 500 14 4 19
005814 375 500 19 14 4
004424 500 375 14
000845 335 500 0
000169 333 500 6 14
000169 333 500 14 6
005899 500 500 6 11
005899 500 500 11 6
000373 500 333 6
000989 333 500 19
006258 500 375 0
003223 500 375 3
005563 375 500 4 14 19
005563 375 500 14 4 19
005563 375 500 19 14 4
000464 500 375 9
003961 500 375 14
004023 375 500 9
003100 375 400 11 14
003100 375 400 14 11
002324 375 500 14
002478 375 500 6
002359 375 500 11
002278 375 500 5
001221 500 332 14 18
001221 500 332 18 14
008838 321 500 5 6 14
008838 321 500 6 5 14
008838 321 500 14 6 5
007427 375 500 6
006214 375 500 1
004368 374 500 9
002995 500 408 7
006736 375 500 6
004514 375 500 19
009520 359 500 8 14
009520 359 500 14 8
005179 270 360 17
000102 375 500 17
005122 500 333 1 4 14
005122 500 333 4 1 14
005122 500 333 14 4 1
004653 500 333 14
006371 375 500 1
006466 375 500 18
001068 332 500 13
006588 333 500 6 14 18
006588 333 500 14 6 18
006588 333 500 18 14 6
009375 500 375 4 9 14
009375 500 375 9 4 14
009375 500 375 14 9 4
006366 384 500 11
006917 375 500 4
008374 375 500 14 19
008374 375 500 19 14
000962 375 500 7 15
000962 375 500 15 7
005511 480 318 12 14
005511 480 318 14 12
003487 375 500 14 19
003487 375 500 19 14
001793 500 375 10 14
001793 500 375 14 10
006236 500 375 13 14
006236 500 375 14 13
009917 375 500 4 8 10 14
009917 375 500 8 4 10 14
009917 375 500 10 8 4 14
009917 375 500 14 8 10 4
004280 500 333 4
007673 500 375 10 15 17
007673 500 375 15 10 17
007673 500 375 17 15 10
000359 500 432 8 11 14
000359 500 432 11 8 14
000359 500 432 14 11 8
005829 327 500 14
004470 375 500 0 14
004470 375 500 14 0
004471 500 281 14
008713 333 500 17
000125 375 500 1 14
000125 375 500 14 1
000064 500 496 2
004396 375 500 0
001682 333 500 4 14
001682 333 500 14 4
001200 339 500 18
001084 480 318 12 14
001084 480 318 14 12
002834 488 500 14
007009 296 432 13
002691 375 500 6 11 14 17
002691 375 500 11 6 14 17
002691 375 500 14 11 6 17
002691 375 500 17 11 14 6
009527 375 500 3
007746 375 500 14
001144 333 500 0
006731 375 500 4 10 14
006731 375 500 10 4 14
006731 375 500 14 10 4
002213 380 464 12 14
002213 380 464 14 12
005181 375 500 3
001618 333 500 6
006638 400 500 17
003814 374 500 7
003045 375 500 7
001402 375 500 1 17
001402 375 500 17 1
001978 334 500 8 14
001978 334 500 14 8
008115 333 500 11
002321 500 335 18
001756 500 375 4 8 10 14
001756 500 375 8 4 10 14
001756 500 375 10 8 4 14
001756 500 375 14 8 10 4
009002 269 500 18
005457 346 500 6 14
005457 346 500 14 6
006911 480 441 12 14
006911 480 441 14 12
003845 375 500 17
003213 334 500 7 14
003213 334 500 14 7
003525 375 500 7
000381 500 375 4 8 10
000381 500 375 8 4 10
000381 500 375 10 8 4
003441 375 500 5
004841 375 500 0
009961 374 500 11
005203 375 500 11 17
005203 375 500 17 11
004595 375 500 11 14
004595 375 500 14 11
002870 333 500 13 14
002870 333 500 14 13
003671 333 500 11
002047 375 500 17
001976 383 500 3
000030 375 500 1 14
000030 375 500 14 1
000591 333 500 8 10 14
000591 333 500 10 8 14
000591 333 500 14 10 8
006238 333 500 14 19
006238 333 500 19 14
009409 375 500 5 6
009409 375 500 6 5
008091 500 332 3 14
008091 500 332 14 3
003058 500 396 14
003462 375 500 11 14 15
003462 375 500 14 11 15
003462 375 500 15 14 11
000796 375 500 2
007070 375 500 11
009136 375 500 8 14
009136 375 500 14 8
002868 375 500 2 9
002868 375 500 9 2
006847 335 500 12 14
006847 335 500 14 12
009440 375 500 14
005110 375 500 6
004138 480 320 14
007718 375 500 3 14
007718 375 500 14 3
009079 375 500 14
008859 333 500 6
007247 375 500 6
003722 339 500 3
004939 333 500 8 14 15
004939 333 500 14 8 15
004939 333 500 15 14 8
003207 333 500 4
003779 465 480 12 14
003779 465 480 14 12
000187 375 500 19
007421 500 375 2
009476 400 500 0
003159 360 480 4 14
003159 360 480 14 4
008514 333 500 1 14
008514 333 500 14 1
003330 333 500 2
007570 332 500 12 14
007570 332 500 14 12
001724 315 275 12
000077 333 500 7
009059 375 500 5
009868 500 333 14
009121 333 500 6
002977 374 500 11
006621 375 500 14 17
006621 375 500 17 14
009629 334 500 0
002376 333 500 0
009664 500 375 4
004885 375 500 3
004404 375 500 7 14
004404 375 500 14 7
004968 500 329 12 14
004968 500 329 14 12
002807 500 471 13 14
002807 500 471 14 13
003090 345 500 18
008445 333 500 14 18
008445 333 500 18 14
005268 375 500 1 14
005268 375 500 14 1
006695 375 500 14
009159 375 500 8
003127 375 500 7
005841 500 301 9
005239 500 375 14
002146 500 375 11
002947 500 375 8 17
002947 500 375 17 8
006067 375 500 0
000379 375 500 1
007245 375 500 11
008144 500 361 8
008663 375 500 6 14
008663 375 500 14 6
004019 375 500 6 14
004019 375 500 14 6
009307 400 400 0
000754 261 500 1 5 6
000754 261 500 5 1 6
000754 261 500 6 5 1
001207 375 500 2
007530 500 378 7 8 19
007530 500 378 8 7 19
007530 500 378 19 8 7
003175 500 333 1 14
003175 500 333 14 1
006234 375 500 7
002699 375 500 5
005259 333 500 6
009186 375 500 6
005590 316 500 7
003250 333 500 2
002181 375 500 8
001486 375 500 7
004017 375 500 14 15
004017 375 500 15 14
000459 334 500 8 10
000459 334 500 10 8
006433 375 500 0 14
006433 375 500 14 0
003987 500 333 6
005713 334 500 3
004976 338 500 10 14
004976 338 500 14 10
006463 333 500 14
000302 375 500 6 13 14
000302 375 500 13 6 14
000302 375 500 14 13 6
003337 375 500 3
002693 335 500 6 14
002693 335 500 14 6
005879 500 375 7
008670 500 331 2
001371 375 500 6
000262 196 500 6
005549 375 500 6
007544 375 500 8 10 19
007544 375 500 10 8 19
007544 375 500 19 10 8
001269 333 500 14
004986 500 375 8
004484 375 500 8 10 15
004484 375 500 10 8 15
004484 375 500 15 10 8
001277 332 500 0
000229 375 500 4 8 10 14
000229 375 500 8 4 10 14
000229 375 500 10 8 4 14
000229 375 500 14 8 10 4
001887 375 500 3 8 10 14
001887 375 500 8 3 10 14
001887 375 500 10 8 3 14
001887 375 500 14 8 10 3
001825 375 500 7 11
001825 375 500 11 7
008914 370 500 12
006465 375 500 14
008485 375 500 7 14
008485 375 500 14 7
007065 333 500 2
002975 285 500 14 18
002975 285 500 18 14
003913 375 500 14
005579 375 500 7
008036 333 500 11
001772 500 374 14
005146 303 500 1 14
005146 303 500 14 1
006536 500 334 14
003564 335 500 18
004346 375 500 6 14
004346 375 500 14 6
002833 333 500 6
003926 500 339 18
000083 333 500 6 14
000083 333 500 14 6
000307 375 500 15
007773 334 500 5
004212 375 500 7 15
004212 375 500 15 7
000950 331 500 8 10
000950 331 500 10 8
009189 378 500 9
007998 375 500 14
009557 500 333 1 14
009557 500 333 14 1
006990 375 500 1 14
006990 375 500 14 1
008933 500 375 7 15
008933 500 375 15 7
001069 375 500 6
003783 500 375 4
009401 375 500 18
001543 375 500 17 19
001543 375 500 19 17
008810 333 500 13 14
008810 333 500 14 13
008517 333 500 6
008137 500 375 4 14
008137 500 375 14 4
009656 375 500 1 14 19
009656 375 500 14 1 19
009656 375 500 19 14 1
007372 500 333 0
007547 375 500 12 14
007547 375 500 14 12
003918 500 396 2
002025 500 375 8 10
002025 500 375 10 8
007422 333 500 6
005160 375 500 4 8 10 14 15 19
005160 375 500 8 4 10 14 15 19
005160 375 500 10 8 4 14 15 19
005160 375 500 14 8 10 4 15 19
005160 375 500 15 8 10 14 4 19
005160 375 500 19 8 10 14 15 4
002747 375 500 8
008398 375 500 14
006026 375 500 7 11
006026 375 500 11 7
005668 375 500 11
005919 354 500 4 10 14 15
005919 354 500 10 4 14 15
005919 354 500 14 10 4 15
005919 354 500 15 10 14 4
004673 333 500 1 14
004673 333 500 14 1
002021 333 500 9
007408 500 375 14 18
007408 500 375 18 14
004341 375 500 19
005262 375 500 5 6
005262 375 500 6 5
005388 500 375 4
007679 362 500 1
009613 500 375 4 8 10 14 17
009613 500 375 8 4 10 14 17
009613 500 375 10 8 4 14 17
009613 500 375 14 8 10 4 17
009613 500 375 17 8 10 14 4
002055 375 500 11 14 17
002055 375 500 14 11 17
002055 375 500 17 14 11
007845 400 500 2
005212 333 500 8 13 17
005212 333 500 13 8 17
005212 333 500 17 13 8
009711 374 500 6 14
009711 374 500 14 6
001259 334 500 1 14
001259 334 500 14 1
007490 375 500 6
002226 333 500 4 14
002226 333 500 14 4
003296 374 500 14
001904 335 500 14
000702 375 500 12 14
000702 375 500 14 12
000020 500 375 6
000250 375 500 4 10
000250 375 500 10 4
007140 500 330 1 14
007140 500 330 14 1
005497 500 334 11
004607 375 500 8 14 17
004607 375 500 14 8 17
004607 375 500 17 14 8
004735 375 500 8
008833 375 500 14
006282 334 500 14
002001 375 500 0
006747 375 500 13
000411 320 240 14
001430 375 500 10 14 15 19
001430 375 500 14 10 15 19
001430 375 500 15 14 10 19
001430 375 500 19 14 15 10
003622 375 500 15
000435 332 500 12 14
000435 332 500 14 12
007436 375 500 14
002600 375 500 18
003344 333 500 6 14
003344 333 500 14 6
003408 375 500 17
000815 374 500 0
000407 360 480 12 14
000407 360 480 14 12
007177 500 333 4 8 10
007177 500 333 8 4 10
007177 500 333 10 8 4
003327 500 375 13 14
003327 500 375 14 13
003121 333 500 12 14
003121 333 500 14 12
004710 331 500 4
002192 375 500 15
007897 324 500 13 14
007897 324 500 14 13
001711 375 500 12 14
001711 375 500 14 12
002241 379 500 6 14
002241 379 500 14 6
003895 332 500 18
006769 355 500 11 12
006769 355 500 12 11
002086 375 500 19
005696 500 333 11
008709 375 500 19
009532 333 500 6 14
009532 333 500 14 6
005508 500 375 8 14
005508 500 375 14 8
008311 333 500 12
005231 375 500 11 14 17
005231 375 500 14 11 17
005231 375 500 17 14 11
006174 375 500 11
000177 375 500 10 14
000177 375 500 14 10
000997 375 500 17 19
000997 375 500 19 17
004792 500 375 7
009790 284 500 18
009877 500 333 14
004902 375 500 12 14
004902 375 500 14 12
001683 375 500 8 10
001683 375 500 10 8
008522 333 500 0
009163 320 500 5 6
009163 320 500 6 5
007457 333 500 4 14
007457 333 500 14 4
002827 331 500 14
003493 372 500 0
004876 248 500 2
006177 375 500 9 13 14
006177 375 500 13 9 14
006177 375 500 14 13 9
003066 426 500 2
006188 379 500 1 15
006188 379 500 15 1
002125 375 500 6
001765 375 500 13
002859 375 500 5 14
002859 375 500 14 5
007901 500 375 14
009080 375 500 2
002976 500 251 14
000355 333 500 6
005984 375 500 11 14 17
005984 375 500 14 11 17
005984 375 500 17 14 11
007460 500 333 3
002559 375 500 6 8 15
002559 375 500 8 6 15
002559 375 500 15 8 6
006943 375 500 14 18
006943 375 500 18 14
002391 360 237 7
006520 500 325 2
009600 375 500 1 14
009600 375 500 14 1
009734 375 500 5 14
009734 375 500 14 5
003489 375 500 11
009281 375 500 1
004439 334 500 6
001630 500 375 1 14
001630 500 375 14 1
000849 368 200 11
008427 333 500 12
002257 375 500 1
006759 375 500 5
000503 375 500 17
000707 500 375 8 19
000707 500 375 19 8
008771 335 500 5 14
008771 335 500 14 5
008980 500 459 11
002702 500 333 8
002132 375 500 19
004623 378 500 2
003024 208 500 1 8 14 15 17 19
003024 208 500 8 1 14 15 17 19
003024 208 500 14 8 1 15 17 19
003024 208 500 15 8 14 1 17 19
003024 208 500 17 8 14 15 1 19
003024 208 500 19 8 14 15 17 1
008874 375 500 8 17 19
008874 375 500 17 8 19
008874 375 500 19 17 8
008213 224 500 4 8 19
008213 224 500 8 4 19
008213 224 500 19 8 4
003009 494 500 6
001113 375 500 14
003786 281 500 5
001780 333 500 6 13
001780 333 500 13 6
000828 500 375 14
005729 332 500 13 14
005729 332 500 14 13
002393 334 500 6
007329 375 500 7
005938 313 500 8 14
005938 313 500 14 8
002102 283 500 2
002166 337 500 18
003714 375 500 16
007872 333 500 10 14
007872 333 500 14 10
001526 298 500 14
004047 471 500 7 8 10 14
004047 471 500 8 7 10 14
004047 471 500 10 8 7 14
004047 471 500 14 8 10 7
004075 500 375 4 14
004075 500 375 14 4
000934 333 500 0
007687 346 500 11 14
007687 346 500 14 11
008125 500 335 5 14
008125 500 335 14 5
002599 375 500 13
001901 500 375 8 10 17
001901 500 375 10 8 17
001901 500 375 17 10 8
003254 375 500 2
008310 335 500 0
006599 375 500 8 14
006599 375 500 14 8
005028 375 500 6
008101 363 500 0
002184 375 500 11
005078 375 500 7
009342 375 500 7 14 15 17
009342 375 500 14 7 15 17
009342 375 500 15 14 7 17
009342 375 500 17 14 15 7
008163 327 500 3 14
008163 327 500 14 3
007084 374 500 2
006058 375 500 6
000689 353 500 18
005404 375 500 9
006290 375 500 5 6
006290 375 500 6 5
004747 375 500 6
004441 500 374 9
000141 423 500 2
002095 383 293 7
008582 348 500 8 14
008582 348 500 14 8
006443 350 500 0
006223 333 500 6
006564 332 500 0
004873 375 500 6
006139 375 500 11
004195 375 500 12 14
004195 375 500 14 12
008313 375 500 1 14
008313 375 500 14 1
002155 333 500 13
004351 333 500 0
001577 375 500 8 10 14
001577 375 500 10 8 14
001577 375 500 14 10 8
003887 500 361 9
001315 400 300 14 17
001315 400 300 17 14
002373 332 500 6
004530 375 500 5 14
004530 375 500 14 5
007916 332 500 0
002838 321 500 3 14
002838 321 500 14 3
001981 375 500 7
004808 375 500 6
000061 333 500 3
001739 500 333 2
000860 353 500 6 14
000860 353 500 14 6
004296 500 375 4 10 14
004296 500 375 10 4 14
004296 500 375 14 10 4
003837 500 375 8
002443 500 333 11 14
002443 500 333 14 11
005421 375 500 14
000165 386 500 14
000892 375 500 13 14
000892 375 500 14 13
008319 375 500 4
003496 333 500 4 14
003496 333 500 14 4
009064 375 500 6 14
009064 375 500 14 6
004105 375 500 8 15 17
004105 375 500 15 8 17
004105 375 500 17 15 8
000847 500 375 10 14
000847 500 375 14 10
009488 500 447 2
007637 375 500 12
007497 333 500 6 14
007497 333 500 14 6
006462 500 375 7
008499 334 500 17
008602 375 500 14 17
008602 375 500 17 14
008841 375 500 4 11
008841 375 500 11 4
005143 289 274 15
009490 500 375 14
004825 500 375 15
003397 375 500 6 14
003397 375 500 14 6
002034 288 500 7 11
002034 288 500 11 7
008087 333 500 6
008854 333 500 7
001556 332 500 12
007279 281 500 5 6
007279 281 500 6 5
004869 500 350 2
000550 375 500 8 10
000550 375 500 10 8
001515 500 409 12
009597 375 500 18
009446 375 500 19
002315 333 500 11
000484 375 500 15
001168 375 500 14
004977 375 500 11 14
004977 375 500 14 11
009670 262 500 7
000680 375 500 2
001066 329 500 14
002179 375 500 15
006884 276 500 6
008409 375 500 17 19
008409 375 500 19 17
004241 375 500 3
007743 500 332 3
004702 307 500 2
007222 339 500 18
009926 375 500 1 14
009926 375 500 14 1
009619 375 500 11
004805 333 500 6 13
004805 333 500 13 6
003386 281 500 0 14
003386 281 500 14 0
006438 332 500 6
003856 370 500 14
008958 375 500 6
003657 344 500 3
008867 332 500 12 14
008867 332 500 14 12
001733 500 500 16
006495 375 500 7
006542 374 500 3 14
006542 374 500 14 3
006025 333 500 0
009515 270 360 6
000731 500 329 2 14
000731 500 329 14 2
002916 500 375 14 17
002916 500 375 17 14
004122 500 375 14
007284 333 500 6 14
007284 333 500 14 6
002942 333 500 0
009218 500 375 18
000906 375 500 3 6 14
000906 375 500 6 3 14
000906 375 500 14 6 3
006279 375 500 0
003274 375 500 11
004113 375 500 11
002291 433 500 6
005129 375 500 8 14 15
005129 375 500 14 8 15
005129 375 500 15 14 8
002646 375 500 6
001170 375 500 14 17
001170 375 500 17 14
001284 375 500 14
