501
003966 500 375 5 14
003969 334 500 2 11
003970 480 318 12 14
003971 375 500 6
003973 375 500 5 6 14
003974 380 500 3 6 14
003979 333 500 2
003983 333 500 19
003984 387 500 7
003986 375 500 11 14 17
003987 500 333 6
003988 336 448 8
003990 375 500 11
003991 389 500 7
003992 334 500 13 14
003993 333 500 0
003994 375 500 9 14
003996 375 500 14
003997 322 500 6
003998 375 500 6
004003 375 500 13
004005 373 500 18
004008 333 500 11 14
004009 366 500 0
004010 418 500 14 17
004011 333 500 6
004012 500 375 8 14
004013 423 500 2
004014 500 375 8 14
004015 375 500 11
004016 375 500 7 14
004017 375 500 14 15
004019 375 500 6 14
004020 375 500 14 19
004023 375 500 9
004025 333 500 2
004028 375 500 8 14 15
004031 375 500 7 14 17
004033 342 500 13 14
004034 500 375 11
004035 375 500 7 11
004037 500 338 15
004039 500 375 14
004046 335 500 2 14
004047 471 500 7 8 10 14
004051 403 480 12 14
004052 319 500 0
004057 329 500 1
004058 500 333 14
004060 375 500 14 17
004066 375 500 17
004067 331 500 13 14
004069 375 500 2
004073 375 500 5 6 14
004075 500 375 4 14
004076 375 500 7
004077 375 500 11 12 14
004082 375 500 1
004085 375 500 11 14
004087 375 500 5 6
004089 334 500 6 14
004091 375 500 6 14
004092 375 500 14
004093 333 500 8
004095 334 500 11
004100 333 500 19
004102 375 500 18
004105 375 500 8 15 17
004106 375 500 8 17 19
004108 333 500 6
004110 375 500 4 14
004111 375 500 8 14 19
004113 375 500 11
004117 348 480 12 14
004120 333 500 5
004121 332 500 14 15
004122 500 375 14
004129 375 500 7
004131 333 500 2
004133 334 500 14
004135 333 500 0
004136 375 500 1 5 6 14
004137 375 500 11 14
004138 480 320 14
004140 375 500 1 4
004141 500 420 9 14
004142 375 500 8 11 14 17
004143 375 500 2
004145 375 500 6 13 14
004146 375 500 12
004148 332 500 19
004149 375 500 7 8 10
004150 500 333 7 19
004152 500 375 4
004158 333 500 4 14
004163 500 500 19
004164 375 500 8 17 19
004168 439 500 12 14
004169 500 333 14
004170 335 500 3 14
004171 500 446 2
004174 454 500 5
004178 307 500 11
004185 375 500 7
004186 375 500 5 6
004189 333 500 11
004190 375 500 19
004191 500 332 13 14
004192 375 500 19
004193 375 500 4 8 19
004194 500 455 3
004195 375 500 12 14
004196 336 500 0
004200 270 375 9
004201 375 500 8 14
004203 385 500 6
004204 375 500 2
004205 333 500 14
004209 375 500 11 14
004212 375 500 7 15
004215 375 500 13
004220 333 500 2
004221 375 500 2
004223 327 500 14
004224 375 500 0 14
004228 294 500 6
004229 375 500 13 14
004230 333 500 14
004231 354 500 6 14 19
004232 263 500 11 14
004237 375 500 14 19
004239 500 333 16
004241 375 500 3
004242 375 500 6
004244 375 500 6 14
004246 375 500 3 14
004247 400 500 2
004253 375 500 8 10
004255 376 500 13
004256 323 500 18
004257 375 500 8 14
004258 375 500 3 14
004259 375 500 8 14 17
004263 335 500 2
004264 375 500 11
004265 375 500 14
004269 332 500 14
004270 375 500 8 14
004271 500 432 2
004272 500 375 11
004273 375 500 14
004274 375 500 15 19
004275 500 375 13 14 15
004279 375 500 4 10 14
004280 500 333 4
004281 375 500 14 18
004283 500 375 13
004284 263 500 6
004286 333 500 0
004287 400 500 7 14
004291 500 375 4 14
004292 500 374 14 15
004293 374 500 11
004295 375 500 6
004296 500 375 4 10 14
004298 375 500 11 14 17
004300 375 500 13
004303 281 500 5 6
004304 375 500 6 14
004307 332 500 12
004310 333 500 7 8
004312 375 500 16
004315 500 335 18
004318 500 375 11
004321 333 500 13 14
004322 500 333 4 14
004323 500 332 12 14
004325 500 390 3
004326 349 500 2
004327 422 500 11 14
004329 375 500 6 14
004331 375 500 19
004333 375 500 4
004338 333 500 13
004339 500 332 12 14
004341 375 500 19
004345 332 500 7
004346 375 500 6 14
004347 333 500 2
004349 376 500 2
004351 333 500 0
004352 375 500 11
004354 333 500 18
004356 375 500 1 14
004359 375 500 1 14
004360 500 333 14
004361 375 500 13 14
004364 332 500 8 15 17
004365 374 500 6
004367 375 500 6
004368 374 500 9
004369 375 500 17
004370 333 500 4 14
004371 491 500 3
004372 332 500 12 14
004376 374 500 7
004379 375 500 0
004380 500 333 13 14
004384 375 500 6 14
004386 333 500 6 18
004387 375 500 3 5 6 14
004389 500 327 12 14
004390 333 500 0
004391 333 500 0
004392 375 500 8 14 15
004396 375 500 0
004397 500 377 14
004404 375 500 7 14
004405 500 333 8 10
004409 323 500 11
004411 375 500 18
004421 500 375 8 10
004423 375 500 16
004424 500 375 14
004429 374 500 1 6
004430 333 500 1
004432 500 500 7
004433 500 342 11 14 15
004434 375 500 11
004436 500 332 18
004437 375 500 14 18
004438 360 480 11 14 19
004439 334 500 6
004441 500 374 9
004446 375 500 7 15
004450 500 333 12
004452 375 500 0
004455 333 500 7 15
004457 375 500 14
004459 375 500 0 14
004463 324 432 13 14
004464 375 500 3 11 14
004466 375 500 4 14
004468 500 174 4
004470 375 500 0 14
004471 500 281 14
004474 375 500 9
004479 375 500 4 14
004481 411 500 6 14
004484 375 500 8 10 15
004487 500 334 12 14
004488 375 500 6
004490 375 500 16
004493 375 500 4 10
004494 332 500 6 14
004495 375 500 4 14
004496 333 500 8 14
004498 500 332 3
004499 375 500 14 17
004500 360 480 9
004502 413 500 7
004507 375 500 13
004508 334 500 4 14
004509 500 333 1 14
004510 375 500 8 19
004512 332 500 8 11 14
004514 375 500 19
004517 500 421 14
004518 375 500 14
004519 375 500 6
004520 478 500 14
004524 375 500 2
004526 375 500 6
004527 500 500 16
004528 500 310 0 14
004530 375 500 5 14
004532 374 500 3
004535 445 480 12 14
004537 388 500 9 12 14
004539 375 500 6
004540 500 333 17
004542 376 500 14 17
004544 334 500 5 6
004548 367 500 11
004549 375 500 8 17 19
004551 375 500 11
004552 375 500 5
004553 334 500 12 14
004555 333 500 0
004558 500 333 15
004562 500 375 14 17
004563 333 500 6 14
004565 500 500 11
004566 375 500 7
004570 375 500 0
004571 323 500 9 14
004574 500 334 8 14
004576 333 500 6
004579 372 500 18
004581 333 500 5 6
004584 375 500 17
004585 375 500 9
004587 500 333 11
004588 500 411 4 14
004591 333 500 6 18
004592 375 500 3
004595 375 500 11 14
004597 375 500 8
004600 375 500 7
004601 333 500 13 14
004604 375 500 6 13 14
004605 333 500 1 14
004606 375 500 0
004607 375 500 8 14 17
004609 500 375 11 14
004611 375 500 8 10 14
004612 332 500 2
004618 500 375 6
004622 500 375 1 14
004623 378 500 2
004625 375 500 12
004626 333 500 18
004627 375 500 18
004628 333 500 7
004630 375 500 5 14
004631 500 375 8 14 15
004632 375 500 11
004634 500 460 12
004636 280 500 2
004643 374 500 0
004644 333 500 11
004647 333 500 13 14
004648 375 500 5 14
004649 335 500 18
004651 375 500 3
004652 333 500 19
004653 500 333 14
004654 357 500 7 8
004655 350 500 8 10
004656 500 375 12 14
004660 375 500 6 14
004662 500 332 12 14
004671 500 317 4
004672 375 500 1 14
004673 333 500 1 14
004674 333 500 0
004675 190 500 18
004676 375 500 1 14
004679 375 500 11 14
004682 375 500 15
004683 375 500 7
004685 500 333 14
004686 322 500 9 12 14
004687 375 500 6 13 14
004689 375 500 18
004691 375 500 6 18
004692 500 375 8 11 14
004693 333 500 14 18
004694 500 252 13 14
004699 378 500 14 15
004701 375 500 4
004702 307 500 2
004705 330 500 5 6
004706 357 500 1 14
004707 500 375 14 15
004708 375 500 7 17
004710 331 500 4
004714 375 500 8 15 17
004715 375 500 14
004718 375 500 4 14
004719 333 500 5 6
004722 375 500 12 14
004723 375 500 14
004727 500 500 5 6 14
004732 500 375 8 14
004735 375 500 8
004737 333 500 11
004742 375 500 4 8 10 14 15
004743 375 500 7
004746 335 500 18
004747 375 500 6
004748 375 500 0 6
004750 331 500 6 13 14
004753 375 500 4 8 14
004754 500 375 17 19
004760 375 500 11 14
004761 500 375 1 14
004768 375 500 16
004770 500 335 14
004773 500 375 8 10 19
004776 375 500 18
004777 395 500 11
004779 375 500 6 14
004782 334 500 1 14
004783 334 500 2
004785 331 500 8 10
004786 375 500 6
004788 388 480 12 14
004789 332 500 12 14
004790 375 500 14
004792 500 375 7
004793 375 500 6
004794 329 500 2
004796 375 500 13 14
004797 333 500 1 14
004799 500 341 2
004801 333 500 14
004805 333 500 6 13
004808 375 500 6
004812 362 500 0 14
004814 333 500 7
004815 332 500 12 14
004816 333 500 11
004818 400 500 8
004823 375 500 6
004825 500 375 15
004826 375 500 9 14
004828 483 500 6 14
004830 333 500 6 14
004831 333 500 14
004832 471 474 7 14
004834 480 387 12 14
004836 446 500 13
004837 375 500 8 17
004839 500 332 3
004840 375 500 13 14
004841 375 500 0
004842 333 500 16
004846 338 500 14 17
004848 490 500 2
004849 500 336 18
004850 375 500 6
004852 375 500 14
004856 500 368 7
004857 375 500 8 10 14
004859 500 375 8 14
004863 375 500 6
004866 375 500 7
004867 333 500 18
004868 375 500 10 14 19
004869 500 350 2
004872 375 500 12 14
004873 375 500 6
004876 248 500 2
004878 375 500 7 17
004879 330 500 1 14
004882 333 500 13 14
004885 375 500 3
004886 375 500 4 14
004890 380 500 6
004895 371 500 15
004896 332 500 0
004897 333 500 14
004898 375 500 14 15
004902 375 500 12 14
004903 331 500 6 17
004905 333 500 0
004907 333 500 7
004910 500 333 5
004911 375 500 18
004912 375 500 1 8
004913 375 500 14
004916 333 500 4 14 19
004926 375 500 4 8 10 17
004928 333 500 14
004929 375 500 11
004931 375 500 3 14
004935 500 332 12 14
004936 375 500 1
004938 375 500 17
004939 333 500 8 14 15
004943 333 500 4 10 14
004946 500 375 6 14
004948 375 500 15
004950 196 320 12 14
004951 375 500 18
004953 358 500 1 5 14
004954 500 450 14 16
004955 374 500 7 19
004956 500 333 8 19
004958 333 500 3
004960 500 426 15
004961 333 500 6
004962 333 500 6
004963 334 500 7
004966 326 500 2
004967 357 500 13
004968 500 329 12 14
004972 500 393 2
004973 375 500 6
004974 329 500 2
004976 338 500 10 14
004977 375 500 11 14
004982 333 500 0
004983 500 338 1 6
004984 375 500 8
004985 375 500 7 14
004986 500 375 8
004987 500 307 14
004990 375 500 14 17
004991 375 500 8 10 15
