499
002024 375 500 5 14
002025 500 375 8 10
002027 375 500 5
002030 375 500 4 10 14
002034 288 500 7 11
002036 325 500 18
002037 375 500 2
002039 332 500 3
002042 360 480 12
002043 500 454 12
002045 379 500 6
002047 375 500 17
002049 315 500 15
002051 500 333 2 14
002054 414 500 18
002055 375 500 11 14 17
002056 500 375 5 6
002058 333 500 7
002061 375 500 10 14 17
002063 500 375 8 10
002064 375 500 1 8 10
002067 333 500 7
002068 335 500 18
002069 375 500 1 14
002070 189 500 17
002082 302 500 13 14
002083 375 500 18
002086 375 500 19
002088 332 500 9
002090 300 400 8 14
002091 375 500 3 14
002094 332 500 2
002095 383 293 7
002096 500 334 14
002098 375 500 4
002099 375 500 0
002101 500 333 11
002102 283 500 2
002104 332 500 13 14
002108 375 500 10 14 15
002109 300 400 7
002112 500 375 4
002114 375 500 14 18
002116 375 500 6 11 14 15 17
002117 500 375 11 14 19
002120 335 500 2 14
002124 333 500 8 17 19
002125 375 500 6
002126 375 500 9
002129 379 500 0
002132 375 500 19
002134 375 500 6
002135 500 375 6
002136 375 500 2
002139 500 400 4
002140 500 375 11
002142 333 500 14
002145 500 340 7 14
002146 500 375 11
002151 500 375 7
002152 500 500 9
002153 375 500 6
002155 333 500 13
002156 375 500 8 10 14
002158 300 500 2
002163 375 500 14
002165 500 331 2
002166 337 500 18
002169 500 334 14
002170 375 500 6 14
002171 500 375 1 14
002172 375 500 13 14
002174 333 500 6 14 19
002176 404 500 14 15 17
002178 375 500 6
002179 375 500 15
002180 375 500 6 14 18
002181 375 500 8
002182 333 500 6
002183 327 500 12 14
002184 375 500 11
002186 375 500 8 10 14
002187 332 500 12 14
002190 333 500 12 14
002191 375 500 13
002192 375 500 15
002193 375 500 14
002194 333 500 8 14
002196 500 375 7
002197 375 500 6
002199 372 500 11
002201 375 500 5
002202 364 500 7
002208 375 500 3
002209 500 500 16
002212 334 500 2
002213 380 464 12 14
002214 375 500 5 14 18
002215 261 500 7
002218 327 500 8 11
002219 375 500 14
002220 375 500 14
002221 500 375 4 8 10 14
002224 375 500 14
002226 333 500 4 14
002228 375 500 5 6
002233 500 273 14
002234 375 500 3
002237 375 500 9
002238 327 500 12 14
002241 379 500 6 14
002244 333 500 6 14
002247 500 375 6
002248 375 500 6
002249 332 500 12
002251 375 500 17
002253 385 500 1 4
002255 336 392 0
002256 375 500 5 14
002257 375 500 1
002259 333 500 17
002260 330 500 13
002261 332 500 12 14
002263 375 500 16
002265 500 333 2 14
002266 373 500 0
002267 333 500 16
002268 375 500 7 11 17
002270 375 500 1
002272 375 500 1 14
002273 212 320 12 14
002276 333 500 2
002277 500 383 11 14
002278 375 500 5
002279 333 500 0
002280 351 500 19
002281 238 500 6 14
002284 500 375 15
002285 333 500 14
002287 375 500 4 8 11
002288 332 500 3 14
002290 468 500 13 14
002291 433 500 6
002293 500 332 14
002300 375 500 9
002302 375 500 3 14
002305 375 500 8 15
002306 360 270 14
002307 333 500 6 14
002308 500 375 7 8
002310 333 500 2
002311 375 500 6 14
002315 333 500 11
002318 375 500 13
002320 335 500 15
002321 500 335 18
002323 375 500 9
002324 375 500 14
002328 375 500 19
002329 375 500 12 14
002330 357 500 16
002332 375 500 14 17
002333 335 500 2
002334 375 500 8 19
002335 375 500 17
002337 333 500 1 14
002340 375 500 6
002342 500 376 14
002343 375 500 6
002345 500 375 11
002347 375 500 15
002348 333 500 0
002350 500 375 4
002352 198 500 18
002354 375 500 0
002355 375 500 6
002359 375 500 11
002361 500 375 14 15
002362 375 500 8 14 15 17
002364 329 500 11
002366 375 500 13
002367 375 500 13 14
002368 500 333 8 10 17
002369 375 500 9
002371 357 500 1
002372 500 400 3 14
002373 332 500 6
002374 332 500 5 6
002375 427 500 7
002376 333 500 0
002377 375 500 1
002378 375 500 14 15
002382 240 360 14 17
002384 375 500 11 14
002385 375 500 10 14
002387 375 500 9 14
002391 360 237 7
002392 375 500 3
002393 334 500 6
002401 500 333 14
002403 375 500 2 3 14
002404 375 500 4 8 10
002405 431 500 12 14
002407 500 375 7
002410 375 500 14
002411 375 500 6
002413 500 375 14
002415 500 332 11
002417 500 500 8
002419 344 500 13 14
002420 333 500 6
002423 361 500 18
002425 500 375 8 14 17
002427 240 320 15 17
002433 375 500 14
002435 375 500 3
002436 375 500 6
002437 338 500 7
002439 375 500 0 6
002441 375 500 7 19
002442 500 375 4 8 10
002443 500 333 11 14
002444 375 500 4 14
002445 500 360 7
002448 480 412 12 14
002450 423 500 11 14
002452 375 500 16
002454 334 500 6
002456 375 500 8 10
002458 375 500 13 14
002459 322 500 14
002460 375 500 1 14
002461 375 500 7 17
002462 375 500 18
002465 375 500 3
002466 333 500 11
002468 358 500 2
002470 500 417 7
002471 375 500 12
002472 375 500 0 14
002476 333 500 14
002477 375 500 14 18
002478 375 500 6
002479 375 500 3
002480 375 500 7
002481 500 334 14
002483 375 500 7 8 14 15 17
002490 375 500 5 6
002491 500 375 14
002492 375 500 8 17
002493 375 500 6
002494 375 500 9
002496 404 500 18
002497 375 500 6 14
002500 500 375 3
002501 375 500 8 14 17
002502 500 335 18
002504 374 500 6 14
002505 375 500 9
002508 333 500 1
002512 375 500 1 11
002513 375 500 0
002514 333 500 14 19
002518 332 500 4 14
002519 375 500 13
002520 332 500 12 14
002523 375 500 1
002524 500 333 14
002525 375 500 18
002529 375 500 10 14
002533 375 500 6 14
002534 333 500 6
002537 391 458 11
002539 333 500 5 14
002540 375 500 1 14
002542 375 500 8 10 14 15
002544 375 500 6
002545 500 375 4 14 17
002546 375 500 11
002547 375 500 2
002549 375 500 19
002554 332 500 12 14
002555 375 500 12 14
002558 375 500 1 14
002559 375 500 6 8 15
002561 375 500 8 14 19
002563 334 500 6 14
002564 333 500 14 17
002565 375 500 14 18
002566 375 500 5 6 14
002567 375 500 13
002569 500 378 15
002571 333 500 2
002572 333 500 4 8 14
002578 375 500 11
002579 500 384 2
002584 500 304 6 14
002585 331 500 13 14
002586 500 500 2
002589 300 400 8 14 17
002590 500 375 18
002593 375 500 16
002594 235 500 15
002595 375 500 6 14
002598 500 333 15
002599 375 500 13
002600 375 500 18
002603 375 500 2
002605 333 500 3
002606 335 500 6
002609 342 500 11
002611 375 500 11 14
002613 375 500 4 14
002615 333 500 16
002618 384 500 16
002621 375 500 2
002625 375 500 6 14
002627 500 375 8 10 17 19
002632 352 288 14
002633 500 332 12 14
002634 339 500 9
002635 334 500 2
002636 375 500 8 10 14 17
002637 375 500 7 14
002641 375 500 4 14
002643 375 500 6 13 14
002645 332 500 8 19
002646 375 500 6
002647 333 500 6
002648 375 500 16
002649 320 500 14
002653 375 500 3
002657 375 500 12 14
002658 333 500 4 8 10 14 15
002659 375 500 3
002662 378 500 10 14
002664 335 500 2
002666 500 334 6 13
002667 333 500 6
002668 375 500 10 14 15
002669 375 500 9 14
002670 500 375 11 17
002675 333 500 1 14
002677 500 333 7
002678 318 480 12 14
002680 334 500 11
002682 375 500 6
002683 375 500 16
002684 500 447 12
002689 375 500 14
002690 500 375 11
002691 375 500 6 11 14 17
002693 335 500 6 14
002695 375 500 9
002696 500 400 8 11 14
002697 498 480 11
002699 375 500 5
002702 500 333 8
002704 500 334 6
002706 333 500 7
002709 432 500 2
002710 331 500 14
002713 500 375 12 14
002714 375 500 14
002715 375 500 1 14
002717 375 500 2
002718 375 500 2
002721 357 500 2
002722 375 500 1
002723 375 500 13 14
002727 333 500 1 14
002730 333 500 6 14
002732 400 500 11
002734 374 500 5 6
002735 480 423 12 14
002737 335 500 0
002738 281 500 3
002741 333 500 14 18
002744 378 500 14
002745 500 375 4 15
002747 375 500 8
002749 375 500 9
002751 375 500 1 8 14
002755 375 500 10 14
002757 381 500 18
002759 374 500 6 13 14
002760 333 500 7
002762 375 500 2
002763 375 500 9
002765 332 500 0
002766 375 500 7
002767 375 500 8 14 19
002772 375 500 6
002774 375 500 12
002775 500 375 15
002776 332 500 5 6 14
002778 375 500 8 19
002779 331 500 6
002782 333 500 18
002783 375 500 5 6
002784 500 333 11
002785 333 500 7
002786 332 500 12 14
002791 319 500 2
002794 375 500 9
002795 375 500 13 14
002796 500 332 7
002798 375 500 8 10 14 15
002800 425 488 12
002801 375 500 8 10
002803 375 500 8 14
002804 375 500 6 12 14
002807 500 471 13 14
002810 325 500 11
002812 375 500 5 6
002815 500 333 14
002816 375 500 5
002817 375 500 15
002820 371 500 15
002826 500 333 11 14
002827 331 500 14
002833 333 500 6
002834 488 500 14
002835 272 500 18
002836 333 500 2
002838 321 500 3 14
002841 500 375 14
002842 332 500 12 14
002844 325 500 18
002845 500 375 16
002847 333 500 0
002848 96 500 13
002854 333 500 6
002855 375 500 14 17
002858 500 333 12 14
002859 375 500 5 14
002864 375 500 14
002866 375 500 8 10
002867 500 374 5 14
002868 375 500 2 9
002869 333 500 0
002870 333 500 13 14
002873 375 500 0 16
002875 375 500 11
002879 375 500 14
002880 500 455 11
002881 500 500 4 14
002884 333 500 6 14
002886 375 500 14
002889 333 500 14
002891 360 500 18
002893 375 500 13
002896 500 375 2
002899 500 375 5 14
002901 375 500 14 19
002906 500 375 18
002910 375 500 8
002912 500 375 1 14
002913 312 500 14 18
002914 375 500 10 14
002915 375 500 14
002916 500 375 14 17
002917 375 500 6
002919 375 500 2
002924 322 500 7 15
002931 375 500 4 14 17 19
002932 500 375 14
002933 341 500 11 14
002934 500 393 7
002935 235 314 14
002937 333 500 6
002938 321 500 2
002939 375 500 4 8 14 19
002940 375 500 9 14
002941 375 500 4
002942 333 500 0
002943 375 500 8 10
002944 500 335 7
002946 375 500 15
002947 500 375 8 17
002952 375 500 7 19
002953 370 500 4 19
002954 375 500 14
002956 375 500 1
002957 375 500 8 11
002958 333 500 14
002960 333 500 14
002962 334 500 14 19
002963 375 500 16
002965 375 500 4 14
002966 334 500 11
002967 500 336 15
002969 375 500 2
002975 285 500 14 18
002976 500 251 14
002977 374 500 11
002978 375 500 9
002984 330 500 2
002986 375 500 16
