499
001004 375 500 2
001008 375 500 13
001009 375 500 7
001010 375 500 19
001011 375 500 14 19
001012 333 500 0
001014 375 500 8 11 14
001015 333 500 2
001017 500 333 13 14
001018 375 500 8 10 17
001024 375 500 14 19
001027 375 500 1 8 17 19
001028 500 406 8 14
001036 375 500 14
001041 375 500 2
001042 375 500 11 14
001043 333 500 7
001045 500 375 4
001050 375 500 1 14
001052 375 500 6
001053 500 323 11
001056 334 500 11
001057 335 500 6 14
001060 378 500 1 6 14
001061 375 500 2 14
001062 500 375 19
001064 216 320 12 14
001066 329 500 14
001068 332 500 13
001069 375 500 6
001071 500 332 6 12 14
001072 386 500 14 17
001073 375 500 9
001074 285 500 2
001077 375 500 19
001078 375 500 7
001079 375 500 10 14 15
001082 375 500 7 15
001083 333 500 18
001084 480 318 12 14
001091 375 500 10 14 15
001092 334 500 11 14
001093 400 500 6
001097 334 500 14
001101 333 500 13 14
001102 334 500 0
001104 334 500 11
001106 375 500 8 10
001107 332 500 0
001109 333 500 14
001110 375 500 7
001112 335 500 6 15 18
001113 375 500 14
001119 333 500 6
001121 500 375 3
001124 326 500 5 6
001125 333 500 6 14
001127 375 500 11 17
001129 270 500 14 17
001130 375 500 9
001136 500 500 2 3
001137 333 500 14
001140 500 375 11 14
001142 375 500 15
001143 500 375 9
001144 333 500 0
001145 500 375 11 14
001147 333 500 14
001148 375 500 6
001149 375 500 15 17 19
001151 331 500 11 14
001152 336 448 5 14
001154 375 500 15 17
001156 399 500 7
001158 375 500 8
001160 333 500 0
001161 375 500 18
001164 375 500 8 10 14 15
001166 375 500 19
001168 375 500 14
001170 375 500 14 17
001171 331 500 13 14
001172 187 500 18
001174 375 500 8 10 17
001175 375 500 14 19
001176 375 500 3
001182 375 500 9
001184 375 500 1
001185 375 500 4 7 10 14
001186 500 375 1 14
001187 500 375 8 17
001191 375 500 16
001192 375 500 11
001194 375 500 1
001199 375 500 13
001200 339 500 18
001201 333 500 13 14
001203 240 350 11
001204 375 500 8 17 19
001205 335 500 3
001206 375 500 11 14
001207 375 500 2
001209 375 500 11
001211 500 409 7 8 11
001212 375 500 14 15
001214 375 500 8 17 19
001215 375 500 1
001221 500 332 14 18
001224 333 500 1 14
001225 500 387 11
001226 333 500 11
001229 375 500 4 14
001230 399 500 0
001231 375 500 8 17
001233 500 333 7
001234 500 260 11 14 19
001236 399 500 12 14
001237 375 500 6
001239 375 500 11
001240 375 500 14
001241 500 375 12 14
001247 334 500 3
001248 375 500 14
001250 288 432 2
001254 332 500 12 14
001258 375 500 6
001259 334 500 1 14
001260 375 500 2
001263 375 500 8 10 17
001265 500 327 14
001266 332 500 13 14
001268 333 500 6
001269 333 500 14
001270 357 500 0
001272 414 500 4 14
001273 500 440 2
001274 500 375 7
001277 332 500 0
001279 500 375 8 14
001281 333 500 6 14
001284 375 500 14
001286 331 500 13
001287 401 500 12 14
001288 342 500 0
001289 309 500 2
001290 410 500 6
001292 375 500 4 6 14
001293 492 500 11
001294 375 500 6
001298 375 500 3 14
001299 500 429 9
001304 500 333 1 14
001309 500 348 1 14
001310 375 500 14 16
001311 319 500 1 14
001312 375 500 9
001314 333 500 7
001315 400 300 14 17
001316 375 500 11
001323 375 500 18
001324 333 500 11
001325 379 500 3 14
001326 375 500 17
001327 500 375 14
001330 375 500 6 14
001332 500 375 0
001333 375 500 13 14
001334 375 500 6
001337 480 318 12 14
001341 377 500 2
001343 375 500 8 17 19
001345 375 500 8
001346 229 500 4 14
001348 333 500 2
001350 375 500 8 14
001352 276 500 6 8 14
001360 326 500 6
001361 333 500 2
001362 500 333 14 17
001364 333 500 6
001365 331 500 2
001371 375 500 6
001375 410 500 2
001378 500 383 2 14
001383 375 500 18
001384 375 500 6
001385 332 500 5 6
001386 375 500 6 13
001387 500 375 7
001388 414 500 14 17
001390 333 500 14 17
001393 375 500 4 8 10 14
001395 375 500 7
001397 500 333 11
001400 500 375 0
001402 375 500 1 17
001404 375 500 7
001405 500 332 12 14
001406 375 500 11 14 17
001408 500 333 4 14 15
001409 333 500 6 14
001413 375 500 2
001414 375 500 6 14
001418 480 405 11
001420 332 500 12 14 15
001421 500 375 8 10 14
001426 500 333 13 14
001427 500 369 1 14
001430 375 500 10 14 15 19
001432 375 500 6
001434 332 500 5 14
001436 335 500 0
001439 500 375 8 10
001441 376 500 8 10
001442 333 500 9
001443 374 500 7 8
001444 375 500 4 8 15 17 19
001445 375 500 5 6 14
001450 331 500 13 14
001451 334 500 4 10 14 15
001453 375 500 2
001455 374 500 1 6 14
001457 375 500 8 17
001460 333 500 1 14
001463 375 500 3 14
001464 215 500 15
001465 375 500 4 8 10
001466 333 500 6
001467 375 500 11
001468 267 400 9
001470 375 500 19
001472 375 500 6 14
001475 362 500 13 14
001479 375 500 14 15
001480 376 500 14 17
001481 375 500 3
001483 333 500 18
001484 300 476 3 14
001485 333 500 13 14
001486 375 500 7
001488 333 500 6
001490 333 500 4 11
001492 334 500 6
001493 375 500 4 14
001494 375 500 6
001497 375 500 3
001498 500 375 14
001499 375 500 14
001501 374 500 1 14
001504 500 375 14
001509 500 315 14
001510 375 500 13 14
001512 333 500 2
001514 333 500 14 17
001515 500 409 12
001517 375 500 8 11
001521 500 375 12 14
001522 375 500 4
001523 375 500 12 14
001524 370 500 11 14
001526 298 500 14
001528 500 383 2
001529 375 500 8 17 19
001531 375 500 8 14
001532 340 425 5 6 13 14
001536 375 500 14 19
001537 332 500 4 10 14
001539 375 500 1
001541 332 500 7
001543 375 500 17 19
001544 375 500 14
001545 375 500 0
001548 375 500 8 14
001553 387 500 1
001554 375 500 11 14
001555 375 500 7
001556 332 500 12
001557 139 500 0 14
001559 480 360 6
001561 375 500 6 14
001563 333 500 4 8 10 14
001565 332 500 18
001571 331 500 14
001576 375 500 6
001577 375 500 8 10 14
001579 500 375 1 14
001580 375 500 4 14 15 17
001582 375 500 7
001586 398 480 12 14
001588 333 500 17 19
001590 500 375 4 19
001593 500 423 10 14 15
001594 333 500 11 14 16
001595 375 500 5
001597 375 500 2
001598 333 500 16
001603 333 500 1 14
001604 375 500 6
001607 375 500 11
001608 375 500 14
001610 375 500 7
001611 500 495 14
001612 333 500 18
001614 375 500 9
001617 331 500 13 14
001618 333 500 6
001622 500 375 1 6 14
001627 500 375 14
001628 394 480 12 14
001630 500 375 1 14
001632 375 500 12
001633 375 500 8 10
001636 375 500 1
001638 333 500 0
001640 375 500 6 14
001642 463 381 11
001643 333 500 11 17
001647 500 375 2
001649 500 444 8 14
001650 333 500 8 17 19
001651 500 375 8 14
001653 375 500 18
001654 375 500 1 6 14
001661 375 500 16
001662 375 500 6
001669 500 375 7
001673 375 500 4 7
001675 333 500 11
001676 236 500 6
001677 375 500 8 10
001678 333 500 8 14 19
001680 500 375 11
001682 333 500 4 14
001683 375 500 8 10
001684 422 500 2
001685 375 500 2
001686 500 375 14
001688 375 500 13
001689 500 375 8 14
001690 332 500 12 14
001691 375 500 5 14
001693 333 500 6
001699 332 500 6 12
001707 500 426 2
001708 369 500 0
001711 375 500 12 14
001713 435 500 9
001714 500 332 16
001717 404 500 8 14 19
001718 333 500 11
001721 341 500 14
001723 500 333 13 14
001724 315 275 12
001725 500 375 14 19
001726 375 500 1 14
001727 318 480 12 14
001729 333 500 8 14 15 17
001730 375 500 12 14
001732 332 500 3
001733 500 500 16
001734 375 500 16
001738 375 500 11
001739 500 333 2
001741 254 400 9
001746 375 500 6 17
001747 375 500 7
001749 500 375 14
001750 333 500 16
001752 500 375 19
001754 500 375 4 14 15
001755 333 500 7
001756 500 375 4 8 10 14
001758 500 374 11 14
001759 375 500 11 14
001761 333 500 0
001765 375 500 13
001766 375 500 12 14
001768 500 375 7
001771 375 500 8
001772 500 374 14
001775 333 500 14 18
001777 334 500 4 8 10 15
001778 375 500 11
001780 333 500 6 13
001782 429 500 2
001784 335 500 14
001785 333 500 14
001787 375 500 2
001789 375 500 14 18
001793 500 375 10 14
001795 375 500 14
001797 375 500 14 17
001799 392 500 9 14
001800 500 375 14 17
001801 375 500 6 13 14
001806 500 328 9 14
001807 333 500 12 14
001809 500 436 14 17 19
001810 375 500 14 19
001816 375 500 7
001818 332 500 2
001821 375 500 6
001825 375 500 7 11
001827 375 500 19
001828 500 333 8 14
001830 500 373 14
001832 375 500 11 14
001833 375 500 1 14
001834 334 500 10
001836 375 500 14 17
001837 500 375 8 14
001840 375 500 7
001841 500 375 14
001842 379 500 0
001843 375 500 4 14
001845 375 500 6
001847 370 500 3
001849 375 500 14
001853 375 500 2
001854 499 333 13 14
001855 375 500 2
001858 333 500 0
001860 285 400 2 8
001861 363 500 1 14
001862 375 500 6
001864 375 500 8 14
001870 400 400 0
001872 375 500 16
001875 375 500 19
001877 333 500 6
001878 375 500 17
001881 375 500 6 14
001882 333 500 8 17
001887 375 500 3 8 10 14
001888 500 375 7
001892 375 500 5
001894 375 500 12 14
001896 375 500 2
001898 500 374 15 19
001899 332 500 6 13 14
001901 500 375 8 10 17
001902 375 500 5 6 14
001903 333 500 1 13 14
001904 335 500 14
001906 301 500 7
001907 375 500 18
001911 333 500 0
001915 375 500 2
001918 375 500 14
001920 375 500 14 17 19
001922 400 500 0
001927 332 500 12 14
001928 500 500 13
001930 346 500 14 18
001931 333 500 6
001932 373 500 8 14
001933 375 500 2
001934 291 322 7
001936 333 500 0
001937 500 375 6
001938 375 500 14
001940 500 333 7 11
001941 375 500 13 14
001944 375 500 6 8 14
001945 480 318 12 14
001948 333 500 13
001950 375 500 6 14
001952 397 500 2
001954 375 500 6
001958 375 500 14
001960 500 329 12
001962 333 500 5 6
001963 375 500 4 8 10 14
001964 375 500 2
001970 375 500 4
001971 375 500 7 8
001972 500 333 11
001976 383 500 3
001977 310 500 14
001978 334 500 8 14
001980 375 500 6 14
001981 375 500 7
001982 375 500 7
001985 500 333 11
001989 375 500 14
001995 500 375 8
001999 375 500 8 14
002000 375 500 3 14
002001 375 500 0
002002 375 500 8
002004 500 375 19
002006 375 500 7
002011 375 500 11
002012 500 375 14
002015 375 500 15
002019 333 500 6
002020 333 500 2
002021 333 500 9
002022 333 500 13 14
