3973
000005 375 500 8
000007 333 500 6
000009 375 500 12 14
000009 375 500 14 12
000012 333 500 6
000016 500 334 1
000017 364 480 12 14
000017 364 480 14 12
000019 375 500 7
000020 500 375 6
000021 500 336 11 14
000021 500 336 14 11
000023 500 334 1 14
000023 500 334 14 1
000024 335 500 18
000026 333 500 6
000030 375 500 1 14
000030 375 500 14 1
000032 281 500 0 14
000032 281 500 14 0
000033 366 500 0
000034 500 360 18
000035 375 500 10 14
000035 375 500 14 10
000036 500 332 11
000039 375 500 19
000041 333 500 14 19
000041 333 500 19 14
000042 335 500 18
000044 333 500 7 8
000044 333 500 8 7
000046 500 332 2
000047 333 500 6 8
000047 333 500 8 6
000048 500 375 2 14
000048 500 375 14 2
000050 375 500 4 8 14
000050 375 500 8 4 14
000050 375 500 14 8 4
000051 375 500 13 14
000051 375 500 14 13
000052 333 500 15
000060 334 500 6
000061 333 500 3
000063 375 500 8 11
000063 375 500 11 8
000064 500 496 2
000065 335 500 11
000066 375 500 14
000072 500 333 13
000073 500 375 3 14 15
000073 500 375 14 3 15
000073 500 375 15 14 3
000077 333 500 7
000078 419 500 11
000081 333 500 14 17
000081 333 500 17 14
000083 333 500 6 14
000083 333 500 14 6
000089 374 500 8 14
000089 374 500 14 8
000091 375 500 6
000093 339 500 8 11
000093 339 500 11 8
000095 323 500 18
000099 375 500 7
000101 333 500 8 14
000101 333 500 14 8
000102 375 500 17
000104 333 500 14 19
000104 333 500 19 14
000107 375 500 9 16
000107 375 500 16 9
000109 254 500 2
000110 375 500 14
000112 500 333 8 11
000112 500 333 11 8
000113 332 500 14
000117 333 500 0
000118 375 500 7
000120 400 500 11
000121 375 500 19
000122 480 475 7
000123 375 500 18
000125 375 500 1 14
000125 375 500 14 1
000129 500 334 1 14
000129 500 334 14 1
000130 375 500 3
000131 333 500 6 14
000131 333 500 14 6
000132 421 500 5
000133 500 447 12 14
000133 500 447 14 12
000134 371 500 6
000138 332 500 14
000140 401 500 11 17
000140 401 500 17 11
000141 423 500 2
000142 375 500 6
000143 333 500 7
000146 500 374 14
000147 333 500 8
000150 333 500 12 14
000150 333 500 14 12
000153 375 500 6
000154 333 500 3
000156 375 500 6 17
000156 375 500 17 6
000158 375 500 2
000159 333 500 6 14
000159 333 500 14 6
000161 390 500 6
000162 375 500 14 19
000162 375 500 19 14
000163 432 500 13 14
000163 432 500 14 13
000164 375 500 13 14
000164 375 500 14 13
000165 386 500 14
000169 333 500 6 14
000169 333 500 14 6
000170 375 500 4 14
000170 375 500 14 4
000171 500 375 11 14
000171 500 375 14 11
000173 480 394 12 14
000173 480 394 14 12
000174 333 500 14
000177 375 500 10 14
000177 375 500 14 10
000180 375 500 6
000184 375 500 3
000187 375 500 19
000189 375 500 2
000190 375 500 5 14
000190 375 500 14 5
000192 375 500 8 14
000192 375 500 14 8
000193 375 500 14 17
000193 375 500 17 14
000194 224 320 12 14
000194 224 320 14 12
000198 335 500 18
000200 249 500 4 14
000200 249 500 14 4
000203 333 500 8
000207 500 334 5
000208 375 500 8 10 17
000208 375 500 10 8 17
000208 375 500 17 10 8
000209 375 500 7
000210 374 500 6 14
000210 374 500 14 6
000211 375 500 9
000214 375 500 12
000215 468 500 7
000218 333 500 8 11 14
000218 333 500 11 8 14
000218 333 500 14 11 8
000219 500 333 13
000220 375 500 6 14
000220 375 500 14 6
000221 332 500 6
000222 375 500 4 8 10 14
000222 375 500 8 4 10 14
000222 375 500 10 8 4 14
000222 375 500 14 8 10 4
000224 375 500 4 19
000224 375 500 19 4
000225 333 500 16
000228 333 500 0
000229 375 500 4 8 10 14
000229 375 500 8 4 10 14
000229 375 500 10 8 4 14
000229 375 500 14 8 10 4
000232 375 500 3 9 14
000232 375 500 9 3 14
000232 375 500 14 9 3
000233 375 500 6 16
000233 375 500 16 6
000235 375 500 8 10 15 17
000235 375 500 10 8 15 17
000235 375 500 15 10 8 17
000235 375 500 17 10 15 8
000236 381 500 2
000241 375 500 3
000242 333 500 7
000244 333 500 16
000245 375 500 6 14
000245 375 500 14 6
000246 375 500 11
000249 333 500 8 10
000249 333 500 10 8
000250 375 500 4 10
000250 375 500 10 4
000251 500 453 6 14
000251 500 453 14 6
000256 343 500 0
000257 375 500 14 19
000257 375 500 19 14
000259 362 500 14
000262 196 500 6
000263 500 375 6
000266 500 375 11 17
000266 500 375 17 11
000268 333 500 0
000269 332 500 4 14
000269 332 500 14 4
000270 323 500 18
000275 480 476 12 14
000275 480 476 14 12
000276 500 375 14
000278 375 500 11 14
000278 375 500 14 11
000282 374 500 8 14
000282 374 500 14 8
000285 375 500 8 14
000285 375 500 14 8
000288 333 500 5 6 14
000288 333 500 6 5 14
000288 333 500 14 6 5
000289 333 500 6
000294 375 500 2
000296 348 500 3 6
000296 348 500 6 3
000298 388 500 14
000302 375 500 6 13 14
000302 375 500 13 6 14
000302 375 500 14 13 6
000303 377 500 6
000304 500 375 19
000305 500 333 1 14
000305 500 333 14 1
000306 176 500 9
000307 375 500 15
000308 375 500 10 14
000308 375 500 14 10
000311 375 500 6
000312 335 500 18
000317 354 500 6
000318 331 500 6
000320 500 375 6 14
000320 500 375 14 6
000321 500 333 14
000322 332 500 14
000323 375 500 14
000325 375 500 0
000328 332 500 12 14
000328 332 500 14 12
000329 333 500 6
000331 500 375 8 14
000331 500 375 14 8
000332 333 500 12
000334 302 500 6
000336 430 500 11
000337 375 500 1 14
000337 375 500 14 1
000338 333 500 6 14
000338 333 500 14 6
000340 375 500 2
000343 375 500 6
000344 500 375 4
000347 357 466 12
000349 375 500 8 10 19
000349 375 500 10 8 19
000349 375 500 19 10 8
000352 375 500 14 17
000352 375 500 17 14
000354 375 500 7
000355 333 500 6
000359 500 432 8 11 14
000359 500 432 11 8 14
000359 500 432 14 11 8
000363 333 500 2
000367 375 500 4 6 14
000367 375 500 6 4 14
000367 375 500 14 6 4
000370 374 500 3
000372 334 500 12 14
000372 334 500 14 12
000373 500 333 6
000374 375 500 13 14
000374 375 500 14 13
000379 375 500 1
000380 333 500 1
000381 500 375 4 8 10
000381 500 375 8 4 10
000381 500 375 10 8 4
000382 500 375 3 14
000382 500 375 14 3
000387 333 500 6
000391 458 500 15
000394 375 500 10 14
000394 375 500 14 10
000395 322 500 2
000396 375 500 6
000400 500 375 7
000403 375 500 7
000404 333 500 6
000406 375 500 6 14
000406 375 500 14 6
000407 360 480 12 14
000407 360 480 14 12
000408 500 375 9
000411 320 240 14
000416 375 500 16
000417 375 500 9
000419 375 500 13 14
000419 375 500 14 13
000420 375 500 6
000424 325 500 2
000427 334 500 13
000428 414 500 8 10 14
000428 414 500 10 8 14
000428 414 500 14 10 8
000430 375 500 7
000431 375 500 0 6
000431 375 500 6 0
000433 370 500 8 14
000433 370 500 14 8
000435 332 500 12 14
000435 332 500 14 12
000438 332 500 14
000439 333 500 18
000443 464 500 11 14
000443 464 500 14 11
000446 500 332 14
000448 375 500 10 14
000448 375 500 14 10
000450 500 375 18
000454 297 500 11
000459 334 500 8 10
000459 334 500 10 8
000460 375 500 8
000461 333 500 6
000462 375 500 9
000463 175 500 6 13 14
000463 175 500 13 6 14
000463 175 500 14 13 6
000464 500 375 9
000468 500 333 14
000469 375 500 6
000470 375 500 12 14
000470 375 500 14 12
000474 375 500 3 6
000474 375 500 6 3
000476 375 500 11 14 17
000476 375 500 14 11 17
000476 375 500 17 14 11
000477 333 500 1 5 6 14
000477 333 500 5 1 6 14
000477 333 500 6 5 1 14
000477 333 500 14 5 6 1
000480 375 500 0 14
000480 375 500 14 0
000482 334 500 14 18
000482 334 500 18 14
000483 480 383 12 14
000483 480 383 14 12
000484 375 500 15
000486 500 375 7
000489 375 500 2
000491 334 500 9
000492 375 500 8 10
000492 375 500 10 8
000494 500 375 6
000496 375 500 8 10
000496 375 500 10 8
000498 500 326 4 14
000498 500 326 14 4
000499 375 500 13 14
000499 375 500 14 13
000500 375 500 1 14
000500 375 500 14 1
000501 500 389 11
000503 375 500 17
000508 375 500 2
000509 375 500 6
000513 333 500 3
000514 375 500 0
000515 375 500 1 6 14
000515 375 500 6 1 14
000515 375 500 14 6 1
000516 375 500 7 14 17
000516 375 500 14 7 17
000516 375 500 17 14 7
000518 333 500 5 14
000518 333 500 14 5
000519 375 500 3
000520 500 334 14
000522 375 500 6
000523 500 375 12 14
000523 500 375 14 12
000524 322 500 12 14
000524 322 500 14 12
000525 331 500 13 14
000525 331 500 14 13
000526 333 500 8 14
000526 333 500 14 8
000528 375 500 7
000530 500 332 14 17
000530 500 332 17 14
000531 375 500 4 14
000531 375 500 14 4
000535 374 500 1 14
000535 374 500 14 1
000537 400 500 11
000540 335 500 18
000541 333 500 6 14
000541 333 500 14 6
000543 375 500 6
000544 333 500 7
000545 500 375 6 14
000545 500 375 14 6
000549 500 375 7
000550 375 500 8 10
000550 375 500 10 8
000552 331 500 0
000554 375 500 6 14 17
000554 375 500 14 6 17
000554 375 500 17 14 6
000555 375 500 8 14 17
000555 375 500 14 8 17
000555 375 500 17 14 8
000559 370 500 4 19
000559 370 500 19 4
000563 375 500 3
000564 333 500 4 8 10
000564 333 500 8 4 10
000564 333 500 10 8 4
000565 375 500 1
000577 333 500 12
000579 332 500 6 13 14
000579 332 500 13 6 14
000579 332 500 14 13 6
000581 332 500 16
000582 500 375 11
000583 276 500 13 14
000583 276 500 14 13
000588 375 500 16
000589 375 500 14
000590 337 500 6
000591 333 500 8 10 14
000591 333 500 10 8 14
000591 333 500 14 10 8
000592 375 500 8 15 17 19
000592 375 500 15 8 17 19
000592 375 500 17 15 8 19
000592 375 500 19 15 17 8
000597 375 500 8 14 19
000597 375 500 14 8 19
000597 375 500 19 14 8
000598 344 500 8 19
000598 344 500 19 8
000599 375 500 8 17
000599 375 500 17 8
000601 348 500 15
000605 375 500 6
000608 375 500 3
000609 375 500 11
000610 335 500 0
000612 500 375 14 18
000612 500 375 18 14
000613 333 500 8 10 14
000613 333 500 10 8 14
000613 333 500 14 10 8
000619 333 500 2
000620 344 500 6
000622 375 500 9
000625 375 500 8 14
000625 375 500 14 8
000626 400 500 14 19
000626 400 500 19 14
000628 392 500 6 14 15
000628 392 500 14 6 15
000628 392 500 15 14 6
000632 375 500 8 17 19
000632 375 500 17 8 19
000632 375 500 19 17 8
000633 375 500 14 19
000633 375 500 19 14
000635 375 500 18
000637 375 500 1
000645 375 500 2
000647 333 500 0
000648 333 500 0 5 6 14
000648 333 500 5 0 6 14
000648 333 500 6 5 0 14
000648 333 500 14 5 6 0
000653 375 500 6
000654 333 500 11 14 16
000654 333 500 14 11 16
000654 333 500 16 14 11
000656 333 500 11
000657 333 500 0
000660 332 500 17
000661 375 500 8 15 17
000661 375 500 15 8 17
000661 375 500 17 15 8
000663 500 422 5 6
000663 500 422 6 5
000667 500 434 12
000671 500 326 1
000672 375 500 6
000675 335 500 18
000676 375 500 16
000677 500 333 14
000680 375 500 2
000682 375 500 2
000684 500 375 4 8 14
000684 500 375 8 4 14
000684 500 375 14 8 4
000685 375 500 13
000686 375 500 13
000688 317 500 6 14
000688 317 500 14 6
000689 353 500 18
000690 375 500 1 7 14
000690 375 500 7 1 14
000690 375 500 14 7 1
000694 375 500 14
000695 375 500 12 14
000695 375 500 14 12
000699 381 500 8 11
000699 381 500 11 8
000700 333 500 6
000702 375 500 12 14
000702 375 500 14 12
000705 234 500 7
000707 500 375 8 19
000707 500 375 19 8
000709 377 500 8 14 17
000709 377 500 14 8 17
000709 377 500 17 14 8
000710 500 375 7 8 15
000710 500 375 8 7 15
000710 500 375 15 8 7
000711 375 500 15
000712 341 500 18
000713 336 500 3
000714 335 500 2
000717 375 500 8 14
000717 375 500 14 8
000720 333 500 11
000726 333 500 4 14
000726 333 500 14 4
000728 333 500 9
000729 500 375 15
000730 333 500 0
000731 500 329 2 14
000731 500 329 14 2
000733 435 450 13 14
000733 435 450 14 13
000738 332 500 0
000739 374 500 14
000740 375 500 3
000742 338 500 3 14
000742 338 500 14 3
000746 333 500 11
000748 292 500 5
000750 500 375 14
000752 332 500 14 17
000752 332 500 17 14
000753 375 500 4 10 14
000753 375 500 10 4 14
000753 375 500 14 10 4
000754 261 500 1 5 6
000754 261 500 5 1 6
000754 261 500 6 5 1
000755 375 500 1 14
000755 375 500 14 1
000756 500 365 11
000760 332 500 12 14
000760 332 500 14 12
000761 375 500 8 17 19
000761 375 500 17 8 19
000761 375 500 19 17 8
000763 333 500 0
000764 332 500 12
000767 375 500 9
000768 375 500 5
000770 375 500 1 9 13 14
000770 375 500 9 1 13 14
000770 375 500 13 9 1 14
000770 375 500 14 9 13 1
000771 500 375 8 17
000771 500 375 17 8
000772 480 360 11
000774 313 500 18
000776 200 500 6
000777 333 500 11 14
000777 333 500 14 11
000780 375 500 8 15
000780 375 500 15 8
000782 500 330 5 14
000782 500 330 14 5
000786 335 500 9 14
000786 335 500 14 9
000787 371 500 6
000791 332 500 18
000793 375 500 1 5 14
000793 375 500 5 1 14
000793 375 500 14 5 1
000794 375 500 7
000796 375 500 2
000797 375 500 11 14 17
000797 375 500 14 11 17
000797 375 500 17 14 11
000799 441 500 12 14
000799 441 500 14 12
000800 375 500 6
000802 375 500 1 14
000802 375 500 14 1
000804 500 333 8 17
000804 500 333 17 8
000805 500 375 11 14
000805 500 375 14 11
000806 500 333 14
000808 333 500 9
000810 375 500 14
000812 333 500 1 14
000812 333 500 14 1
000814 500 348 14
000815 374 500 0
000816 500 500 1 14
000816 500 500 14 1
000818 287 500 6 18
000818 287 500 18 6
000820 375 500 16
000822 374 500 13
000823 334 500 6
000826 478 500 3
000827 333 500 9
000828 500 375 14
000829 375 500 1 5 6 14
000829 375 500 5 1 6 14
000829 375 500 6 5 1 14
000829 375 500 14 5 6 1
000830 375 500 8 10
000830 375 500 10 8
000831 500 335 18
000832 500 375 2
000834 375 500 9 14
000834 375 500 14 9
000842 356 500 11 14
000842 356 500 14 11
000843 333 500 14 19
000843 333 500 19 14
000845 335 500 0
000847 500 375 10 14
000847 500 375 14 10
000848 334 500 8 14 17
000848 334 500 14 8 17
000848 334 500 17 14 8
000849 368 200 11
000850 375 500 2
000851 375 500 13 14
000851 375 500 14 13
000854 375 500 8 14 15 17
000854 375 500 14 8 15 17
000854 375 500 15 14 8 17
000854 375 500 17 14 15 8
000855 500 375 1 5 6 14
000855 500 375 5 1 6 14
000855 500 375 6 5 1 14
000855 500 375 14 5 6 1
000857 375 500 7
000859 333 500 8 14 17
000859 333 500 14 8 17
000859 333 500 17 14 8
000860 353 500 6 14
000860 353 500 14 6
000862 375 500 3 14
000862 375 500 14 3
000863 317 500 18
000865 375 500 4 8 10 14 15
000865 375 500 8 4 10 14 15
000865 375 500 10 8 4 14 15
000865 375 500 14 8 10 4 15
000865 375 500 15 8 10 14 4
000867 500 375 15
000868 375 500 15 17
000868 375 500 17 15
000871 375 500 6
000872 375 500 0
000874 332 500 14
000876 334 500 7
000878 333 500 1 14
000878 333 500 14 1
000879 375 500 12 14
000879 375 500 14 12
000880 369 500 2 9
000880 369 500 9 2
000882 357 500 11
000885 456 500 1 14
000885 456 500 14 1
000887 320 500 0
000888 347 500 6
000889 500 374 15
000892 375 500 13 14
000892 375 500 14 13
000895 375 500 14
000896 375 500 0
000898 375 500 14 17
000898 375 500 17 14
000899 333 500 18
000900 375 500 16
000902 399 500 11 14
000902 399 500 14 11
000903 500 416 8 14
000903 500 416 14 8
000904 375 500 9 12 14
000904 375 500 12 9 14
000904 375 500 14 12 9
000906 375 500 3 6 14
000906 375 500 6 3 14
000906 375 500 14 6 3
000908 375 500 0
000911 324 500 1 5 6 14
000911 324 500 5 1 6 14
000911 324 500 6 5 1 14
000911 324 500 14 5 6 1
000912 334 500 7
000915 375 500 8 10 14
000915 375 500 10 8 14
000915 375 500 14 10 8
000917 360 480 2 8 15
000917 360 480 8 2 15
000917 360 480 15 8 2
000918 500 333 8 14
000918 500 333 14 8
000919 331 500 11
000920 379 500 14 18
000920 379 500 18 14
000921 375 500 7 8
000921 375 500 8 7
000923 375 500 15 17 19
000923 375 500 17 15 19
000923 375 500 19 17 15
000926 500 375 14
000929 375 500 4 8 10
000929 375 500 8 4 10
000929 375 500 10 8 4
000931 375 500 3
000934 333 500 0
000935 375 500 6
000936 334 500 0
000937 375 500 6 14
000937 375 500 14 6
000943 375 500 8 14 17
000943 375 500 14 8 17
000943 375 500 17 14 8
000946 375 500 18
000947 500 238 11
000948 375 500 8 14 19
000948 375 500 14 8 19
000948 375 500 19 14 8
000949 500 340 1 14
000949 500 340 14 1
000950 331 500 8 10
000950 331 500 10 8
000951 375 500 4
000954 332 500 2
000958 300 400 11
000962 375 500 7 15
000962 375 500 15 7
000964 333 500 2
000965 500 375 7 11 17
000965 500 375 11 7 17
000965 500 375 17 11 7
000966 353 500 14 18
000966 353 500 18 14
000967 375 500 14 18
000967 375 500 18 14
000971 375 500 5 14
000971 375 500 14 5
000972 375 500 6
000973 375 500 1
000977 333 500 6
000980 333 500 2
000982 377 500 0 14
000982 377 500 14 0
000987 447 500 6 13 14
000987 447 500 13 6 14
000987 447 500 14 13 6
000989 333 500 19
000991 480 318 12 14
000991 480 318 14 12
000993 493 500 18
000996 375 500 8 10 14
000996 375 500 10 8 14
000996 375 500 14 10 8
000997 375 500 17 19
000997 375 500 19 17
000999 500 375 4 14
000999 500 375 14 4
001001 375 500 7 14
001001 375 500 14 7
001002 500 375 3
001004 375 500 2
001008 375 500 13
001009 375 500 7
001010 375 500 19
001011 375 500 14 19
001011 375 500 19 14
001012 333 500 0
001014 375 500 8 11 14
001014 375 500 11 8 14
001014 375 500 14 11 8
001015 333 500 2
001017 500 333 13 14
001017 500 333 14 13
001018 375 500 8 10 17
001018 375 500 10 8 17
001018 375 500 17 10 8
001024 375 500 14 19
001024 375 500 19 14
001027 375 500 1 8 17 19
001027 375 500 8 1 17 19
001027 375 500 17 8 1 19
001027 375 500 19 8 17 1
001028 500 406 8 14
001028 500 406 14 8
001036 375 500 14
001041 375 500 2
001042 375 500 11 14
001042 375 500 14 11
001043 333 500 7
001045 500 375 4
001050 375 500 1 14
001050 375 500 14 1
001052 375 500 6
001053 500 323 11
001056 334 500 11
001057 335 500 6 14
001057 335 500 14 6
001060 378 500 1 6 14
001060 378 500 6 1 14
001060 378 500 14 6 1
001061 375 500 2 14
001061 375 500 14 2
001062 500 375 19
001064 216 320 12 14
001064 216 320 14 12
001066 329 500 14
001068 332 500 13
001069 375 500 6
001071 500 332 6 12 14
001071 500 332 12 6 14
001071 500 332 14 12 6
001072 386 500 14 17
001072 386 500 17 14
001073 375 500 9
001074 285 500 2
001077 375 500 19
001078 375 500 7
001079 375 500 10 14 15
001079 375 500 14 10 15
001079 375 500 15 14 10
001082 375 500 7 15
001082 375 500 15 7
001083 333 500 18
001084 480 318 12 14
001084 480 318 14 12
001091 375 500 10 14 15
001091 375 500 14 10 15
001091 375 500 15 14 10
001092 334 500 11 14
001092 334 500 14 11
001093 400 500 6
001097 334 500 14
001101 333 500 13 14
001101 333 500 14 13
001102 334 500 0
001104 334 500 11
001106 375 500 8 10
001106 375 500 10 8
001107 332 500 0
001109 333 500 14
001110 375 500 7
001112 335 500 6 15 18
001112 335 500 15 6 18
001112 335 500 18 15 6
001113 375 500 14
001119 333 500 6
001121 500 375 3
001124 326 500 5 6
001124 326 500 6 5
001125 333 500 6 14
001125 333 500 14 6
001127 375 500 11 17
001127 375 500 17 11
001129 270 500 14 17
001129 270 500 17 14
001130 375 500 9
001136 500 500 2 3
001136 500 500 3 2
001137 333 500 14
001140 500 375 11 14
001140 500 375 14 11
001142 375 500 15
001143 500 375 9
001144 333 500 0
001145 500 375 11 14
001145 500 375 14 11
001147 333 500 14
001148 375 500 6
001149 375 500 15 17 19
001149 375 500 17 15 19
001149 375 500 19 17 15
001151 331 500 11 14
001151 331 500 14 11
001152 336 448 5 14
001152 336 448 14 5
001154 375 500 15 17
001154 375 500 17 15
001156 399 500 7
001158 375 500 8
001160 333 500 0
001161 375 500 18
001164 375 500 8 10 14 15
001164 375 500 10 8 14 15
001164 375 500 14 10 8 15
001164 375 500 15 10 14 8
001166 375 500 19
001168 375 500 14
001170 375 500 14 17
001170 375 500 17 14
001171 331 500 13 14
001171 331 500 14 13
001172 187 500 18
001174 375 500 8 10 17
001174 375 500 10 8 17
001174 375 500 17 10 8
001175 375 500 14 19
001175 375 500 19 14
001176 375 500 3
001182 375 500 9
001184 375 500 1
001185 375 500 4 7 10 14
001185 375 500 7 4 10 14
001185 375 500 10 7 4 14
001185 375 500 14 7 10 4
001186 500 375 1 14
001186 500 375 14 1
001187 500 375 8 17
001187 500 375 17 8
001191 375 500 16
001192 375 500 11
001194 375 500 1
001199 375 500 13
001200 339 500 18
001201 333 500 13 14
001201 333 500 14 13
001203 240 350 11
001204 375 500 8 17 19
001204 375 500 17 8 19
001204 375 500 19 17 8
001205 335 500 3
001206 375 500 11 14
001206 375 500 14 11
001207 375 500 2
001209 375 500 11
001211 500 409 7 8 11
001211 500 409 8 7 11
001211 500 409 11 8 7
001212 375 500 14 15
001212 375 500 15 14
001214 375 500 8 17 19
001214 375 500 17 8 19
001214 375 500 19 17 8
001215 375 500 1
001221 500 332 14 18
001221 500 332 18 14
001224 333 500 1 14
001224 333 500 14 1
001225 500 387 11
001226 333 500 11
001229 375 500 4 14
001229 375 500 14 4
001230 399 500 0
001231 375 500 8 17
001231 375 500 17 8
001233 500 333 7
001234 500 260 11 14 19
001234 500 260 14 11 19
001234 500 260 19 14 11
001236 399 500 12 14
001236 399 500 14 12
001237 375 500 6
001239 375 500 11
001240 375 500 14
001241 500 375 12 14
001241 500 375 14 12
001247 334 500 3
001248 375 500 14
001250 288 432 2
001254 332 500 12 14
001254 332 500 14 12
001258 375 500 6
001259 334 500 1 14
001259 334 500 14 1
001260 375 500 2
001263 375 500 8 10 17
001263 375 500 10 8 17
001263 375 500 17 10 8
001265 500 327 14
001266 332 500 13 14
001266 332 500 14 13
001268 333 500 6
001269 333 500 14
001270 357 500 0
001272 414 500 4 14
001272 414 500 14 4
001273 500 440 2
001274 500 375 7
001277 332 500 0
001279 500 375 8 14
001279 500 375 14 8
001281 333 500 6 14
001281 333 500 14 6
001284 375 500 14
001286 331 500 13
001287 401 500 12 14
001287 401 500 14 12
001288 342 500 0
001289 309 500 2
001290 410 500 6
001292 375 500 4 6 14
001292 375 500 6 4 14
001292 375 500 14 6 4
001293 492 500 11
001294 375 500 6
001298 375 500 3 14
001298 375 500 14 3
001299 500 429 9
001304 500 333 1 14
001304 500 333 14 1
001309 500 348 1 14
001309 500 348 14 1
001310 375 500 14 16
001310 375 500 16 14
001311 319 500 1 14
001311 319 500 14 1
001312 375 500 9
001314 333 500 7
001315 400 300 14 17
001315 400 300 17 14
001316 375 500 11
001323 375 500 18
001324 333 500 11
001325 379 500 3 14
001325 379 500 14 3
001326 375 500 17
001327 500 375 14
001330 375 500 6 14
001330 375 500 14 6
001332 500 375 0
001333 375 500 13 14
001333 375 500 14 13
001334 375 500 6
001337 480 318 12 14
001337 480 318 14 12
001341 377 500 2
001343 375 500 8 17 19
001343 375 500 17 8 19
001343 375 500 19 17 8
001345 375 500 8
001346 229 500 4 14
001346 229 500 14 4
001348 333 500 2
001350 375 500 8 14
001350 375 500 14 8
001352 276 500 6 8 14
001352 276 500 8 6 14
001352 276 500 14 8 6
001360 326 500 6
001361 333 500 2
001362 500 333 14 17
001362 500 333 17 14
001364 333 500 6
001365 331 500 2
001371 375 500 6
001375 410 500 2
001378 500 383 2 14
001378 500 383 14 2
001383 375 500 18
001384 375 500 6
001385 332 500 5 6
001385 332 500 6 5
001386 375 500 6 13
001386 375 500 13 6
001387 500 375 7
001388 414 500 14 17
001388 414 500 17 14
001390 333 500 14 17
001390 333 500 17 14
001393 375 500 4 8 10 14
001393 375 500 8 4 10 14
001393 375 500 10 8 4 14
001393 375 500 14 8 10 4
001395 375 500 7
001397 500 333 11
001400 500 375 0
001402 375 500 1 17
001402 375 500 17 1
001404 375 500 7
001405 500 332 12 14
001405 500 332 14 12
001406 375 500 11 14 17
001406 375 500 14 11 17
001406 375 500 17 14 11
001408 500 333 4 14 15
001408 500 333 14 4 15
001408 500 333 15 14 4
001409 333 500 6 14
001409 333 500 14 6
001413 375 500 2
001414 375 500 6 14
001414 375 500 14 6
001418 480 405 11
001420 332 500 12 14 15
001420 332 500 14 12 15
001420 332 500 15 14 12
001421 500 375 8 10 14
001421 500 375 10 8 14
001421 500 375 14 10 8
001426 500 333 13 14
001426 500 333 14 13
001427 500 369 1 14
001427 500 369 14 1
001430 375 500 10 14 15 19
001430 375 500 14 10 15 19
001430 375 500 15 14 10 19
001430 375 500 19 14 15 10
001432 375 500 6
001434 332 500 5 14
001434 332 500 14 5
001436 335 500 0
001439 500 375 8 10
001439 500 375 10 8
001441 376 500 8 10
001441 376 500 10 8
001442 333 500 9
001443 374 500 7 8
001443 374 500 8 7
001444 375 500 4 8 15 17 19
001444 375 500 8 4 15 17 19
001444 375 500 15 8 4 17 19
001444 375 500 17 8 15 4 19
001444 375 500 19 8 15 17 4
001445 375 500 5 6 14
001445 375 500 6 5 14
001445 375 500 14 6 5
001450 331 500 13 14
001450 331 500 14 13
001451 334 500 4 10 14 15
001451 334 500 10 4 14 15
001451 334 500 14 10 4 15
001451 334 500 15 10 14 4
001453 375 500 2
001455 374 500 1 6 14
001455 374 500 6 1 14
001455 374 500 14 6 1
001457 375 500 8 17
001457 375 500 17 8
001460 333 500 1 14
001460 333 500 14 1
001463 375 500 3 14
001463 375 500 14 3
001464 215 500 15
001465 375 500 4 8 10
001465 375 500 8 4 10
001465 375 500 10 8 4
001466 333 500 6
001467 375 500 11
001468 267 400 9
001470 375 500 19
001472 375 500 6 14
001472 375 500 14 6
001475 362 500 13 14
001475 362 500 14 13
001479 375 500 14 15
001479 375 500 15 14
001480 376 500 14 17
001480 376 500 17 14
001481 375 500 3
001483 333 500 18
001484 300 476 3 14
001484 300 476 14 3
001485 333 500 13 14
001485 333 500 14 13
001486 375 500 7
001488 333 500 6
001490 333 500 4 11
001490 333 500 11 4
001492 334 500 6
001493 375 500 4 14
001493 375 500 14 4
001494 375 500 6
001497 375 500 3
001498 500 375 14
001499 375 500 14
001501 374 500 1 14
001501 374 500 14 1
001504 500 375 14
001509 500 315 14
001510 375 500 13 14
001510 375 500 14 13
001512 333 500 2
001514 333 500 14 17
001514 333 500 17 14
001515 500 409 12
001517 375 500 8 11
001517 375 500 11 8
001521 500 375 12 14
001521 500 375 14 12
001522 375 500 4
001523 375 500 12 14
001523 375 500 14 12
001524 370 500 11 14
001524 370 500 14 11
001526 298 500 14
001528 500 383 2
001529 375 500 8 17 19
001529 375 500 17 8 19
001529 375 500 19 17 8
001531 375 500 8 14
001531 375 500 14 8
001532 340 425 5 6 13 14
001532 340 425 6 5 13 14
001532 340 425 13 6 5 14
001532 340 425 14 6 13 5
001536 375 500 14 19
001536 375 500 19 14
001537 332 500 4 10 14
001537 332 500 10 4 14
001537 332 500 14 10 4
001539 375 500 1
001541 332 500 7
001543 375 500 17 19
001543 375 500 19 17
001544 375 500 14
001545 375 500 0
001548 375 500 8 14
001548 375 500 14 8
001553 387 500 1
001554 375 500 11 14
001554 375 500 14 11
001555 375 500 7
001556 332 500 12
001557 139 500 0 14
001557 139 500 14 0
001559 480 360 6
001561 375 500 6 14
001561 375 500 14 6
001563 333 500 4 8 10 14
001563 333 500 8 4 10 14
001563 333 500 10 8 4 14
001563 333 500 14 8 10 4
001565 332 500 18
001571 331 500 14
001576 375 500 6
001577 375 500 8 10 14
001577 375 500 10 8 14
001577 375 500 14 10 8
001579 500 375 1 14
001579 500 375 14 1
001580 375 500 4 14 15 17
001580 375 500 14 4 15 17
001580 375 500 15 14 4 17
001580 375 500 17 14 15 4
001582 375 500 7
001586 398 480 12 14
001586 398 480 14 12
001588 333 500 17 19
001588 333 500 19 17
001590 500 375 4 19
001590 500 375 19 4
001593 500 423 10 14 15
001593 500 423 14 10 15
001593 500 423 15 14 10
001594 333 500 11 14 16
001594 333 500 14 11 16
001594 333 500 16 14 11
001595 375 500 5
001597 375 500 2
001598 333 500 16
001603 333 500 1 14
001603 333 500 14 1
001604 375 500 6
001607 375 500 11
001608 375 500 14
001610 375 500 7
001611 500 495 14
001612 333 500 18
001614 375 500 9
001617 331 500 13 14
001617 331 500 14 13
001618 333 500 6
001622 500 375 1 6 14
001622 500 375 6 1 14
001622 500 375 14 6 1
001627 500 375 14
001628 394 480 12 14
001628 394 480 14 12
001630 500 375 1 14
001630 500 375 14 1
001632 375 500 12
001633 375 500 8 10
001633 375 500 10 8
001636 375 500 1
001638 333 500 0
001640 375 500 6 14
001640 375 500 14 6
001642 463 381 11
001643 333 500 11 17
001643 333 500 17 11
001647 500 375 2
001649 500 444 8 14
001649 500 444 14 8
001650 333 500 8 17 19
001650 333 500 17 8 19
001650 333 500 19 17 8
001651 500 375 8 14
001651 500 375 14 8
001653 375 500 18
001654 375 500 1 6 14
001654 375 500 6 1 14
001654 375 500 14 6 1
001661 375 500 16
001662 375 500 6
001669 500 375 7
001673 375 500 4 7
001673 375 500 7 4
001675 333 500 11
001676 236 500 6
001677 375 500 8 10
001677 375 500 10 8
001678 333 500 8 14 19
001678 333 500 14 8 19
001678 333 500 19 14 8
001680 500 375 11
001682 333 500 4 14
001682 333 500 14 4
001683 375 500 8 10
001683 375 500 10 8
001684 422 500 2
001685 375 500 2
001686 500 375 14
001688 375 500 13
001689 500 375 8 14
001689 500 375 14 8
001690 332 500 12 14
001690 332 500 14 12
001691 375 500 5 14
001691 375 500 14 5
001693 333 500 6
001699 332 500 6 12
001699 332 500 12 6
001707 500 426 2
001708 369 500 0
001711 375 500 12 14
001711 375 500 14 12
001713 435 500 9
001714 500 332 16
001717 404 500 8 14 19
001717 404 500 14 8 19
001717 404 500 19 14 8
001718 333 500 11
001721 341 500 14
001723 500 333 13 14
001723 500 333 14 13
001724 315 275 12
001725 500 375 14 19
001725 500 375 19 14
001726 375 500 1 14
001726 375 500 14 1
001727 318 480 12 14
001727 318 480 14 12
001729 333 500 8 14 15 17
001729 333 500 14 8 15 17
001729 333 500 15 14 8 17
001729 333 500 17 14 15 8
001730 375 500 12 14
001730 375 500 14 12
001732 332 500 3
001733 500 500 16
001734 375 500 16
001738 375 500 11
001739 500 333 2
001741 254 400 9
001746 375 500 6 17
001746 375 500 17 6
001747 375 500 7
001749 500 375 14
001750 333 500 16
001752 500 375 19
001754 500 375 4 14 15
001754 500 375 14 4 15
001754 500 375 15 14 4
001755 333 500 7
001756 500 375 4 8 10 14
001756 500 375 8 4 10 14
001756 500 375 10 8 4 14
001756 500 375 14 8 10 4
001758 500 374 11 14
001758 500 374 14 11
001759 375 500 11 14
001759 375 500 14 11
001761 333 500 0
001765 375 500 13
001766 375 500 12 14
001766 375 500 14 12
001768 500 375 7
001771 375 500 8
001772 500 374 14
001775 333 500 14 18
001775 333 500 18 14
001777 334 500 4 8 10 15
001777 334 500 8 4 10 15
001777 334 500 10 8 4 15
001777 334 500 15 8 10 4
001778 375 500 11
001780 333 500 6 13
001780 333 500 13 6
001782 429 500 2
001784 335 500 14
001785 333 500 14
001787 375 500 2
001789 375 500 14 18
001789 375 500 18 14
001793 500 375 10 14
001793 500 375 14 10
001795 375 500 14
001797 375 500 14 17
001797 375 500 17 14
001799 392 500 9 14
001799 392 500 14 9
001800 500 375 14 17
001800 500 375 17 14
001801 375 500 6 13 14
001801 375 500 13 6 14
001801 375 500 14 13 6
001806 500 328 9 14
001806 500 328 14 9
001807 333 500 12 14
001807 333 500 14 12
001809 500 436 14 17 19
001809 500 436 17 14 19
001809 500 436 19 17 14
001810 375 500 14 19
001810 375 500 19 14
001816 375 500 7
001818 332 500 2
001821 375 500 6
001825 375 500 7 11
001825 375 500 11 7
001827 375 500 19
001828 500 333 8 14
001828 500 333 14 8
001830 500 373 14
001832 375 500 11 14
001832 375 500 14 11
001833 375 500 1 14
001833 375 500 14 1
001834 334 500 10
001836 375 500 14 17
001836 375 500 17 14
001837 500 375 8 14
001837 500 375 14 8
001840 375 500 7
001841 500 375 14
001842 379 500 0
001843 375 500 4 14
001843 375 500 14 4
001845 375 500 6
001847 370 500 3
001849 375 500 14
001853 375 500 2
001854 499 333 13 14
001854 499 333 14 13
001855 375 500 2
001858 333 500 0
001860 285 400 2 8
001860 285 400 8 2
001861 363 500 1 14
001861 363 500 14 1
001862 375 500 6
001864 375 500 8 14
001864 375 500 14 8
001870 400 400 0
001872 375 500 16
001875 375 500 19
001877 333 500 6
001878 375 500 17
001881 375 500 6 14
001881 375 500 14 6
001882 333 500 8 17
001882 333 500 17 8
001887 375 500 3 8 10 14
001887 375 500 8 3 10 14
001887 375 500 10 8 3 14
001887 375 500 14 8 10 3
001888 500 375 7
001892 375 500 5
001894 375 500 12 14
001894 375 500 14 12
001896 375 500 2
001898 500 374 15 19
001898 500 374 19 15
001899 332 500 6 13 14
001899 332 500 13 6 14
001899 332 500 14 13 6
001901 500 375 8 10 17
001901 500 375 10 8 17
001901 500 375 17 10 8
001902 375 500 5 6 14
001902 375 500 6 5 14
001902 375 500 14 6 5
001903 333 500 1 13 14
001903 333 500 13 1 14
001903 333 500 14 13 1
001904 335 500 14
001906 301 500 7
001907 375 500 18
001911 333 500 0
001915 375 500 2
001918 375 500 14
001920 375 500 14 17 19
001920 375 500 17 14 19
001920 375 500 19 17 14
001922 400 500 0
001927 332 500 12 14
001927 332 500 14 12
001928 500 500 13
001930 346 500 14 18
001930 346 500 18 14
001931 333 500 6
001932 373 500 8 14
001932 373 500 14 8
001933 375 500 2
001934 291 322 7
001936 333 500 0
001937 500 375 6
001938 375 500 14
001940 500 333 7 11
001940 500 333 11 7
001941 375 500 13 14
001941 375 500 14 13
001944 375 500 6 8 14
001944 375 500 8 6 14
001944 375 500 14 8 6
001945 480 318 12 14
001945 480 318 14 12
001948 333 500 13
001950 375 500 6 14
001950 375 500 14 6
001952 397 500 2
001954 375 500 6
001958 375 500 14
001960 500 329 12
001962 333 500 5 6
001962 333 500 6 5
001963 375 500 4 8 10 14
001963 375 500 8 4 10 14
001963 375 500 10 8 4 14
001963 375 500 14 8 10 4
001964 375 500 2
001970 375 500 4
001971 375 500 7 8
001971 375 500 8 7
001972 500 333 11
001976 383 500 3
001977 310 500 14
001978 334 500 8 14
001978 334 500 14 8
001980 375 500 6 14
001980 375 500 14 6
001981 375 500 7
001982 375 500 7
001985 500 333 11
001989 375 500 14
001995 500 375 8
001999 375 500 8 14
001999 375 500 14 8
002000 375 500 3 14
002000 375 500 14 3
002001 375 500 0
002002 375 500 8
002004 500 375 19
002006 375 500 7
002011 375 500 11
002012 500 375 14
002015 375 500 15
002019 333 500 6
002020 333 500 2
002021 333 500 9
002022 333 500 13 14
002022 333 500 14 13
002023 362 500 6
002024 375 500 5 14
002024 375 500 14 5
002025 500 375 8 10
002025 500 375 10 8
002027 375 500 5
002030 375 500 4 10 14
002030 375 500 10 4 14
002030 375 500 14 10 4
002034 288 500 7 11
002034 288 500 11 7
002036 325 500 18
002037 375 500 2
002039 332 500 3
002042 360 480 12
002043 500 454 12
002045 379 500 6
002047 375 500 17
002049 315 500 15
002051 500 333 2 14
002051 500 333 14 2
002054 414 500 18
002055 375 500 11 14 17
002055 375 500 14 11 17
002055 375 500 17 14 11
002056 500 375 5 6
002056 500 375 6 5
002058 333 500 7
002061 375 500 10 14 17
002061 375 500 14 10 17
002061 375 500 17 14 10
002063 500 375 8 10
002063 500 375 10 8
002064 375 500 1 8 10
002064 375 500 8 1 10
002064 375 500 10 8 1
002067 333 500 7
002068 335 500 18
002069 375 500 1 14
002069 375 500 14 1
002070 189 500 17
002082 302 500 13 14
002082 302 500 14 13
002083 375 500 18
002086 375 500 19
002088 332 500 9
002090 300 400 8 14
002090 300 400 14 8
002091 375 500 3 14
002091 375 500 14 3
002094 332 500 2
002095 383 293 7
002096 500 334 14
002098 375 500 4
002099 375 500 0
002101 500 333 11
002102 283 500 2
002104 332 500 13 14
002104 332 500 14 13
002108 375 500 10 14 15
002108 375 500 14 10 15
002108 375 500 15 14 10
002109 300 400 7
002112 500 375 4
002114 375 500 14 18
002114 375 500 18 14
002116 375 500 6 11 14 15 17
002116 375 500 11 6 14 15 17
002116 375 500 14 11 6 15 17
002116 375 500 15 11 14 6 17
002116 375 500 17 11 14 15 6
002117 500 375 11 14 19
002117 500 375 14 11 19
002117 500 375 19 14 11
002120 335 500 2 14
002120 335 500 14 2
002124 333 500 8 17 19
002124 333 500 17 8 19
002124 333 500 19 17 8
002125 375 500 6
002126 375 500 9
002129 379 500 0
002132 375 500 19
002134 375 500 6
002135 500 375 6
002136 375 500 2
002139 500 400 4
002140 500 375 11
002142 333 500 14
002145 500 340 7 14
002145 500 340 14 7
002146 500 375 11
002151 500 375 7
002152 500 500 9
002153 375 500 6
002155 333 500 13
002156 375 500 8 10 14
002156 375 500 10 8 14
002156 375 500 14 10 8
002158 300 500 2
002163 375 500 14
002165 500 331 2
002166 337 500 18
002169 500 334 14
002170 375 500 6 14
002170 375 500 14 6
002171 500 375 1 14
002171 500 375 14 1
002172 375 500 13 14
002172 375 500 14 13
002174 333 500 6 14 19
002174 333 500 14 6 19
002174 333 500 19 14 6
002176 404 500 14 15 17
002176 404 500 15 14 17
002176 404 500 17 15 14
002178 375 500 6
002179 375 500 15
002180 375 500 6 14 18
002180 375 500 14 6 18
002180 375 500 18 14 6
002181 375 500 8
002182 333 500 6
002183 327 500 12 14
002183 327 500 14 12
002184 375 500 11
002186 375 500 8 10 14
002186 375 500 10 8 14
002186 375 500 14 10 8
002187 332 500 12 14
002187 332 500 14 12
002190 333 500 12 14
002190 333 500 14 12
002191 375 500 13
002192 375 500 15
002193 375 500 14
002194 333 500 8 14
002194 333 500 14 8
002196 500 375 7
002197 375 500 6
002199 372 500 11
002201 375 500 5
002202 364 500 7
002208 375 500 3
002209 500 500 16
002212 334 500 2
002213 380 464 12 14
002213 380 464 14 12
002214 375 500 5 14 18
002214 375 500 14 5 18
002214 375 500 18 14 5
002215 261 500 7
002218 327 500 8 11
002218 327 500 11 8
002219 375 500 14
002220 375 500 14
002221 500 375 4 8 10 14
002221 500 375 8 4 10 14
002221 500 375 10 8 4 14
002221 500 375 14 8 10 4
002224 375 500 14
002226 333 500 4 14
002226 333 500 14 4
002228 375 500 5 6
002228 375 500 6 5
002233 500 273 14
002234 375 500 3
002237 375 500 9
002238 327 500 12 14
002238 327 500 14 12
002241 379 500 6 14
002241 379 500 14 6
002244 333 500 6 14
002244 333 500 14 6
002247 500 375 6
002248 375 500 6
002249 332 500 12
002251 375 500 17
002253 385 500 1 4
002253 385 500 4 1
002255 336 392 0
002256 375 500 5 14
002256 375 500 14 5
002257 375 500 1
002259 333 500 17
002260 330 500 13
002261 332 500 12 14
002261 332 500 14 12
002263 375 500 16
002265 500 333 2 14
002265 500 333 14 2
002266 373 500 0
002267 333 500 16
002268 375 500 7 11 17
002268 375 500 11 7 17
002268 375 500 17 11 7
002270 375 500 1
002272 375 500 1 14
002272 375 500 14 1
002273 212 320 12 14
002273 212 320 14 12
002276 333 500 2
002277 500 383 11 14
002277 500 383 14 11
002278 375 500 5
002279 333 500 0
002280 351 500 19
002281 238 500 6 14
002281 238 500 14 6
002284 500 375 15
002285 333 500 14
002287 375 500 4 8 11
002287 375 500 8 4 11
002287 375 500 11 8 4
002288 332 500 3 14
002288 332 500 14 3
002290 468 500 13 14
002290 468 500 14 13
002291 433 500 6
002293 500 332 14
002300 375 500 9
002302 375 500 3 14
002302 375 500 14 3
002305 375 500 8 15
002305 375 500 15 8
002306 360 270 14
002307 333 500 6 14
002307 333 500 14 6
002308 500 375 7 8
002308 500 375 8 7
002310 333 500 2
002311 375 500 6 14
002311 375 500 14 6
002315 333 500 11
002318 375 500 13
002320 335 500 15
002321 500 335 18
002323 375 500 9
002324 375 500 14
002328 375 500 19
002329 375 500 12 14
002329 375 500 14 12
002330 357 500 16
002332 375 500 14 17
002332 375 500 17 14
002333 335 500 2
002334 375 500 8 19
002334 375 500 19 8
002335 375 500 17
002337 333 500 1 14
002337 333 500 14 1
002340 375 500 6
002342 500 376 14
002343 375 500 6
002345 500 375 11
002347 375 500 15
002348 333 500 0
002350 500 375 4
002352 198 500 18
002354 375 500 0
002355 375 500 6
002359 375 500 11
002361 500 375 14 15
002361 500 375 15 14
002362 375 500 8 14 15 17
002362 375 500 14 8 15 17
002362 375 500 15 14 8 17
002362 375 500 17 14 15 8
002364 329 500 11
002366 375 500 13
002367 375 500 13 14
002367 375 500 14 13
002368 500 333 8 10 17
002368 500 333 10 8 17
002368 500 333 17 10 8
002369 375 500 9
002371 357 500 1
002372 500 400 3 14
002372 500 400 14 3
002373 332 500 6
002374 332 500 5 6
002374 332 500 6 5
002375 427 500 7
002376 333 500 0
002377 375 500 1
002378 375 500 14 15
002378 375 500 15 14
002382 240 360 14 17
002382 240 360 17 14
002384 375 500 11 14
002384 375 500 14 11
002385 375 500 10 14
002385 375 500 14 10
002387 375 500 9 14
002387 375 500 14 9
002391 360 237 7
002392 375 500 3
002393 334 500 6
002401 500 333 14
002403 375 500 2 3 14
002403 375 500 3 2 14
002403 375 500 14 3 2
002404 375 500 4 8 10
002404 375 500 8 4 10
002404 375 500 10 8 4
002405 431 500 12 14
002405 431 500 14 12
002407 500 375 7
002410 375 500 14
002411 375 500 6
002413 500 375 14
002415 500 332 11
002417 500 500 8
002419 344 500 13 14
002419 344 500 14 13
002420 333 500 6
002423 361 500 18
002425 500 375 8 14 17
002425 500 375 14 8 17
002425 500 375 17 14 8
002427 240 320 15 17
002427 240 320 17 15
002433 375 500 14
002435 375 500 3
002436 375 500 6
002437 338 500 7
002439 375 500 0 6
002439 375 500 6 0
002441 375 500 7 19
002441 375 500 19 7
002442 500 375 4 8 10
002442 500 375 8 4 10
002442 500 375 10 8 4
002443 500 333 11 14
002443 500 333 14 11
002444 375 500 4 14
002444 375 500 14 4
002445 500 360 7
002448 480 412 12 14
002448 480 412 14 12
002450 423 500 11 14
002450 423 500 14 11
002452 375 500 16
002454 334 500 6
002456 375 500 8 10
002456 375 500 10 8
002458 375 500 13 14
002458 375 500 14 13
002459 322 500 14
002460 375 500 1 14
002460 375 500 14 1
002461 375 500 7 17
002461 375 500 17 7
002462 375 500 18
002465 375 500 3
002466 333 500 11
002468 358 500 2
002470 500 417 7
002471 375 500 12
002472 375 500 0 14
002472 375 500 14 0
002476 333 500 14
002477 375 500 14 18
002477 375 500 18 14
002478 375 500 6
002479 375 500 3
002480 375 500 7
002481 500 334 14
002483 375 500 7 8 14 15 17
002483 375 500 8 7 14 15 17
002483 375 500 14 8 7 15 17
002483 375 500 15 8 14 7 17
002483 375 500 17 8 14 15 7
002490 375 500 5 6
002490 375 500 6 5
002491 500 375 14
002492 375 500 8 17
002492 375 500 17 8
002493 375 500 6
002494 375 500 9
002496 404 500 18
002497 375 500 6 14
002497 375 500 14 6
002500 500 375 3
002501 375 500 8 14 17
002501 375 500 14 8 17
002501 375 500 17 14 8
002502 500 335 18
002504 374 500 6 14
002504 374 500 14 6
002505 375 500 9
002508 333 500 1
002512 375 500 1 11
002512 375 500 11 1
002513 375 500 0
002514 333 500 14 19
002514 333 500 19 14
002518 332 500 4 14
002518 332 500 14 4
002519 375 500 13
002520 332 500 12 14
002520 332 500 14 12
002523 375 500 1
002524 500 333 14
002525 375 500 18
002529 375 500 10 14
002529 375 500 14 10
002533 375 500 6 14
002533 375 500 14 6
002534 333 500 6
002537 391 458 11
002539 333 500 5 14
002539 333 500 14 5
002540 375 500 1 14
002540 375 500 14 1
002542 375 500 8 10 14 15
002542 375 500 10 8 14 15
002542 375 500 14 10 8 15
002542 375 500 15 10 14 8
002544 375 500 6
002545 500 375 4 14 17
002545 500 375 14 4 17
002545 500 375 17 14 4
002546 375 500 11
002547 375 500 2
002549 375 500 19
002554 332 500 12 14
002554 332 500 14 12
002555 375 500 12 14
002555 375 500 14 12
002558 375 500 1 14
002558 375 500 14 1
002559 375 500 6 8 15
002559 375 500 8 6 15
002559 375 500 15 8 6
002561 375 500 8 14 19
002561 375 500 14 8 19
002561 375 500 19 14 8
002563 334 500 6 14
002563 334 500 14 6
002564 333 500 14 17
002564 333 500 17 14
002565 375 500 14 18
002565 375 500 18 14
002566 375 500 5 6 14
002566 375 500 6 5 14
002566 375 500 14 6 5
002567 375 500 13
002569 500 378 15
002571 333 500 2
002572 333 500 4 8 14
002572 333 500 8 4 14
002572 333 500 14 8 4
002578 375 500 11
002579 500 384 2
002584 500 304 6 14
002584 500 304 14 6
002585 331 500 13 14
002585 331 500 14 13
002586 500 500 2
002589 300 400 8 14 17
002589 300 400 14 8 17
002589 300 400 17 14 8
002590 500 375 18
002593 375 500 16
002594 235 500 15
002595 375 500 6 14
002595 375 500 14 6
002598 500 333 15
002599 375 500 13
002600 375 500 18
002603 375 500 2
002605 333 500 3
002606 335 500 6
002609 342 500 11
002611 375 500 11 14
002611 375 500 14 11
002613 375 500 4 14
002613 375 500 14 4
002615 333 500 16
002618 384 500 16
002621 375 500 2
002625 375 500 6 14
002625 375 500 14 6
002627 500 375 8 10 17 19
002627 500 375 10 8 17 19
002627 500 375 17 10 8 19
002627 500 375 19 10 17 8
002632 352 288 14
002633 500 332 12 14
002633 500 332 14 12
002634 339 500 9
002635 334 500 2
002636 375 500 8 10 14 17
002636 375 500 10 8 14 17
002636 375 500 14 10 8 17
002636 375 500 17 10 14 8
002637 375 500 7 14
002637 375 500 14 7
002641 375 500 4 14
002641 375 500 14 4
002643 375 500 6 13 14
002643 375 500 13 6 14
002643 375 500 14 13 6
002645 332 500 8 19
002645 332 500 19 8
002646 375 500 6
002647 333 500 6
002648 375 500 16
002649 320 500 14
002653 375 500 3
002657 375 500 12 14
002657 375 500 14 12
002658 333 500 4 8 10 14 15
002658 333 500 8 4 10 14 15
002658 333 500 10 8 4 14 15
002658 333 500 14 8 10 4 15
002658 333 500 15 8 10 14 4
002659 375 500 3
002662 378 500 10 14
002662 378 500 14 10
002664 335 500 2
002666 500 334 6 13
002666 500 334 13 6
002667 333 500 6
002668 375 500 10 14 15
002668 375 500 14 10 15
002668 375 500 15 14 10
002669 375 500 9 14
002669 375 500 14 9
002670 500 375 11 17
002670 500 375 17 11
002675 333 500 1 14
002675 333 500 14 1
002677 500 333 7
002678 318 480 12 14
002678 318 480 14 12
002680 334 500 11
002682 375 500 6
002683 375 500 16
002684 500 447 12
002689 375 500 14
002690 500 375 11
002691 375 500 6 11 14 17
002691 375 500 11 6 14 17
002691 375 500 14 11 6 17
002691 375 500 17 11 14 6
002693 335 500 6 14
002693 335 500 14 6
002695 375 500 9
002696 500 400 8 11 14
002696 500 400 11 8 14
002696 500 400 14 11 8
002697 498 480 11
002699 375 500 5
002702 500 333 8
002704 500 334 6
002706 333 500 7
002709 432 500 2
002710 331 500 14
002713 500 375 12 14
002713 500 375 14 12
002714 375 500 14
002715 375 500 1 14
002715 375 500 14 1
002717 375 500 2
002718 375 500 2
002721 357 500 2
002722 375 500 1
002723 375 500 13 14
002723 375 500 14 13
002727 333 500 1 14
002727 333 500 14 1
002730 333 500 6 14
002730 333 500 14 6
002732 400 500 11
002734 374 500 5 6
002734 374 500 6 5
002735 480 423 12 14
002735 480 423 14 12
002737 335 500 0
002738 281 500 3
002741 333 500 14 18
002741 333 500 18 14
002744 378 500 14
002745 500 375 4 15
002745 500 375 15 4
002747 375 500 8
002749 375 500 9
002751 375 500 1 8 14
002751 375 500 8 1 14
002751 375 500 14 8 1
002755 375 500 10 14
002755 375 500 14 10
002757 381 500 18
002759 374 500 6 13 14
002759 374 500 13 6 14
002759 374 500 14 13 6
002760 333 500 7
002762 375 500 2
002763 375 500 9
002765 332 500 0
002766 375 500 7
002767 375 500 8 14 19
002767 375 500 14 8 19
002767 375 500 19 14 8
002772 375 500 6
002774 375 500 12
002775 500 375 15
002776 332 500 5 6 14
002776 332 500 6 5 14
002776 332 500 14 6 5
002778 375 500 8 19
002778 375 500 19 8
002779 331 500 6
002782 333 500 18
002783 375 500 5 6
002783 375 500 6 5
002784 500 333 11
002785 333 500 7
002786 332 500 12 14
002786 332 500 14 12
002791 319 500 2
002794 375 500 9
002795 375 500 13 14
002795 375 500 14 13
002796 500 332 7
002798 375 500 8 10 14 15
002798 375 500 10 8 14 15
002798 375 500 14 10 8 15
002798 375 500 15 10 14 8
002800 425 488 12
002801 375 500 8 10
002801 375 500 10 8
002803 375 500 8 14
002803 375 500 14 8
002804 375 500 6 12 14
002804 375 500 12 6 14
002804 375 500 14 12 6
002807 500 471 13 14
002807 500 471 14 13
002810 325 500 11
002812 375 500 5 6
002812 375 500 6 5
002815 500 333 14
002816 375 500 5
002817 375 500 15
002820 371 500 15
002826 500 333 11 14
002826 500 333 14 11
002827 331 500 14
002833 333 500 6
002834 488 500 14
002835 272 500 18
002836 333 500 2
002838 321 500 3 14
002838 321 500 14 3
002841 500 375 14
002842 332 500 12 14
002842 332 500 14 12
002844 325 500 18
002845 500 375 16
002847 333 500 0
002848 96 500 13
002854 333 500 6
002855 375 500 14 17
002855 375 500 17 14
002858 500 333 12 14
002858 500 333 14 12
002859 375 500 5 14
002859 375 500 14 5
002864 375 500 14
002866 375 500 8 10
002866 375 500 10 8
002867 500 374 5 14
002867 500 374 14 5
002868 375 500 2 9
002868 375 500 9 2
002869 333 500 0
002870 333 500 13 14
002870 333 500 14 13
002873 375 500 0 16
002873 375 500 16 0
002875 375 500 11
002879 375 500 14
002880 500 455 11
002881 500 500 4 14
002881 500 500 14 4
002884 333 500 6 14
002884 333 500 14 6
002886 375 500 14
002889 333 500 14
002891 360 500 18
002893 375 500 13
002896 500 375 2
002899 500 375 5 14
002899 500 375 14 5
002901 375 500 14 19
002901 375 500 19 14
002906 500 375 18
002910 375 500 8
002912 500 375 1 14
002912 500 375 14 1
002913 312 500 14 18
002913 312 500 18 14
002914 375 500 10 14
002914 375 500 14 10
002915 375 500 14
002916 500 375 14 17
002916 500 375 17 14
002917 375 500 6
002919 375 500 2
002924 322 500 7 15
002924 322 500 15 7
002931 375 500 4 14 17 19
002931 375 500 14 4 17 19
002931 375 500 17 14 4 19
002931 375 500 19 14 17 4
002932 500 375 14
002933 341 500 11 14
002933 341 500 14 11
002934 500 393 7
002935 235 314 14
002937 333 500 6
002938 321 500 2
002939 375 500 4 8 14 19
002939 375 500 8 4 14 19
002939 375 500 14 8 4 19
002939 375 500 19 8 14 4
002940 375 500 9 14
002940 375 500 14 9
002941 375 500 4
002942 333 500 0
002943 375 500 8 10
002943 375 500 10 8
002944 500 335 7
002946 375 500 15
002947 500 375 8 17
002947 500 375 17 8
002952 375 500 7 19
002952 375 500 19 7
002953 370 500 4 19
002953 370 500 19 4
002954 375 500 14
002956 375 500 1
002957 375 500 8 11
002957 375 500 11 8
002958 333 500 14
002960 333 500 14
002962 334 500 14 19
002962 334 500 19 14
002963 375 500 16
002965 375 500 4 14
002965 375 500 14 4
002966 334 500 11
002967 500 336 15
002969 375 500 2
002975 285 500 14 18
002975 285 500 18 14
002976 500 251 14
002977 374 500 11
002978 375 500 9
002984 330 500 2
002986 375 500 16
002987 334 500 5 14
002987 334 500 14 5
002988 375 500 14
002989 333 500 8 17 19
002989 333 500 17 8 19
002989 333 500 19 17 8
002990 375 500 9 14
002990 375 500 14 9
002992 500 333 1 14
002992 500 333 14 1
002994 375 500 6
002995 500 408 7
003000 333 500 0
003002 500 375 14 15
003002 500 375 15 14
003003 375 500 14
003004 375 500 7 8 15 17
003004 375 500 8 7 15 17
003004 375 500 15 8 7 17
003004 375 500 17 8 15 7
003005 375 500 8 17 19
003005 375 500 17 8 19
003005 375 500 19 17 8
003007 332 500 6
003008 333 500 3
003009 494 500 6
003011 375 500 8 10 17 19
003011 375 500 10 8 17 19
003011 375 500 17 10 8 19
003011 375 500 19 10 17 8
003013 375 500 6
003015 375 500 12
003017 311 500 12 14
003017 311 500 14 12
003021 375 500 5
003023 500 381 8 14
003023 500 381 14 8
003024 208 500 1 8 14 15 17 19
003024 208 500 8 1 14 15 17 19
003024 208 500 14 8 1 15 17 19
003024 208 500 15 8 14 1 17 19
003024 208 500 17 8 14 15 1 19
003024 208 500 19 8 14 15 17 1
003027 318 480 6 12 14
003027 318 480 12 6 14
003027 318 480 14 12 6
003028 334 500 0
003031 375 500 7 14
003031 375 500 14 7
003032 375 500 0 6
003032 375 500 6 0
003034 375 500 8 10 14 15 17
003034 375 500 10 8 14 15 17
003034 375 500 14 10 8 15 17
003034 375 500 15 10 14 8 17
003034 375 500 17 10 14 15 8
003038 335 500 18
003039 375 500 14
003042 375 500 8 10 14
003042 375 500 10 8 14
003042 375 500 14 10 8
003044 500 375 14 15
003044 500 375 15 14
003045 375 500 7
003047 377 500 1
003051 333 500 6
003053 333 500 6 18
003053 333 500 18 6
003054 375 500 6 17
003054 375 500 17 6
003056 375 500 4 8 10 17
003056 375 500 8 4 10 17
003056 375 500 10 8 4 17
003056 375 500 17 8 10 4
003057 500 375 6 13 14
003057 500 375 13 6 14
003057 500 375 14 13 6
003058 500 396 14
003061 333 500 8
003063 500 375 14 17
003063 500 375 17 14
003064 500 375 14
003065 333 500 3 14
003065 333 500 14 3
003066 426 500 2
003072 333 500 2
003074 333 500 2
003077 332 500 8 14 17
003077 332 500 14 8 17
003077 332 500 17 14 8
003078 500 500 8 14
003078 500 500 14 8
003082 407 500 2
003083 500 375 5 6
003083 500 375 6 5
003085 376 500 7
003086 375 500 14
003088 375 500 4 14
003088 375 500 14 4
003089 333 500 13 14
003089 333 500 14 13
003090 345 500 18
003092 334 500 6
003093 375 500 15
003094 333 500 6
003098 352 500 3
003100 375 400 11 14
003100 375 400 14 11
003102 500 333 1 14
003102 500 333 14 1
003103 226 361 6
003105 333 500 9
003106 375 500 7 14
003106 375 500 14 7
003107 500 332 14
003108 375 500 4 17
003108 375 500 17 4
003110 358 500 11
003112 449 500 2
003116 400 500 2
003117 333 500 6
003118 333 500 2 14
003118 333 500 14 2
003120 375 500 8 10 17 19
003120 375 500 10 8 17 19
003120 375 500 17 10 8 19
003120 375 500 19 10 17 8
003121 333 500 12 14
003121 333 500 14 12
003122 375 500 4 14
003122 375 500 14 4
003124 375 500 13 14
003124 375 500 14 13
003126 375 500 2
003127 375 500 7
003129 375 500 8 14
003129 375 500 14 8
003133 333 500 0
003134 366 500 14
003135 375 500 18
003137 375 500 5
003138 375 500 14
003140 335 500 14
003142 375 500 1
003145 375 500 14
003146 375 500 15
003147 332 500 11 14
003147 332 500 14 11
003149 375 500 4
003150 375 500 14 17
003150 375 500 17 14
003154 375 500 5
003155 500 333 2
003157 500 375 19
003159 360 480 4 14
003159 360 480 14 4
003161 328 500 11 16
003161 328 500 16 11
003162 366 500 13 14
003162 366 500 14 13
003163 295 500 5
003164 375 500 18
003165 355 323 6
003169 375 500 7 17
003169 375 500 17 7
003170 375 500 14 16
003170 375 500 16 14
003175 500 333 1 14
003175 500 333 14 1
003176 500 375 6
003177 500 375 11
003178 375 500 18
003181 375 500 4 14
003181 375 500 14 4
003183 375 500 0
003184 375 500 7
003185 375 500 4 8 14
003185 375 500 8 4 14
003185 375 500 14 8 4
003186 332 500 8 15 17
003186 332 500 15 8 17
003186 332 500 17 15 8
003188 375 500 1 14
003188 375 500 14 1
003189 500 458 12 14 15
003189 500 458 14 12 15
003189 500 458 15 14 12
003194 333 500 11
003195 333 500 5 6
003195 333 500 6 5
003199 333 500 2
003200 379 500 0
003202 375 500 8 10 15
003202 375 500 10 8 15
003202 375 500 15 10 8
003204 375 500 19
003205 500 333 8 14
003205 500 333 14 8
003207 333 500 4
003210 480 351 12 14
003210 480 351 14 12
003211 375 500 15
003213 334 500 7 14
003213 334 500 14 7
003214 375 500 6
003216 333 500 8 11
003216 333 500 11 8
003218 334 500 1 14
003218 334 500 14 1
003219 500 334 4 8 10
003219 500 334 8 4 10
003219 500 334 10 8 4
003223 500 375 3
003228 333 500 5 6 11 14
003228 333 500 6 5 11 14
003228 333 500 11 6 5 14
003228 333 500 14 6 11 5
003229 375 500 0
003231 500 375 6
003233 375 500 0
003236 375 500 14 17
003236 375 500 17 14
003239 375 500 8 15
003239 375 500 15 8
003240 500 374 1 6
003240 500 374 6 1
003242 375 500 2
003243 375 500 6
003244 375 500 18
003247 375 500 4 14
003247 375 500 14 4
003250 333 500 2
003253 430 500 11 14
003253 430 500 14 11
003254 375 500 2
003255 375 500 17
003256 375 500 2 6
003256 375 500 6 2
003258 333 500 17 19
003258 333 500 19 17
003259 333 500 4 8 10 14
003259 333 500 8 4 10 14
003259 333 500 10 8 4 14
003259 333 500 14 8 10 4
003260 500 326 14 19
003260 500 326 19 14
003261 375 500 6 14
003261 375 500 14 6
003262 375 500 4
003269 375 500 4
003270 333 500 2 14
003270 333 500 14 2
003271 375 500 6
003272 335 500 7
003273 500 375 2
003274 375 500 11
003279 400 500 17
003280 333 500 14
003282 500 334 14
003284 375 500 3 8 10 11 14 15 17
003284 375 500 8 3 10 11 14 15 17
003284 375 500 10 8 3 11 14 15 17
003284 375 500 11 8 10 3 14 15 17
003284 375 500 14 8 10 11 3 15 17
003284 375 500 15 8 10 11 14 3 17
003284 375 500 17 8 10 11 14 15 3
003285 281 500 6
003290 332 500 12 14
003290 332 500 14 12
003292 240 360 14
003293 500 333 11
003294 500 332 12
003296 374 500 14
003299 335 500 0
003300 375 500 8 10 17 19
003300 375 500 10 8 17 19
003300 375 500 17 10 8 19
003300 375 500 19 10 17 8
003301 333 500 8 11 14 15
003301 333 500 11 8 14 15
003301 333 500 14 11 8 15
003301 333 500 15 11 14 8
003303 500 332 12 14
003303 500 332 14 12
003307 299 338 12
003308 500 375 7 8
003308 500 375 8 7
003311 375 500 5 14
003311 375 500 14 5
003313 333 500 6 14
003313 333 500 14 6
003316 403 500 2
003320 333 500 14
003325 375 500 11
003327 500 375 13 14
003327 500 375 14 13
003330 333 500 2
003331 333 500 6 14
003331 333 500 14 6
003335 375 500 8 14
003335 375 500 14 8
003336 375 500 13
003337 375 500 3
003338 329 500 2
003339 288 432 11
003343 375 500 11
003344 333 500 6 14
003344 333 500 14 6
003349 333 500 2
003350 334 500 8 10 14
003350 334 500 10 8 14
003350 334 500 14 10 8
003351 375 500 7
003354 331 500 9
003355 335 500 6 14
003355 335 500 14 6
003356 375 500 19
003359 382 500 6
003360 500 333 8 11 14
003360 500 333 11 8 14
003360 500 333 14 11 8
003362 332 500 12 14
003362 332 500 14 12
003363 500 334 6
003365 333 500 0
003367 375 500 13 14 15
003367 375 500 14 13 15
003367 375 500 15 14 13
003369 375 500 0 14 19
003369 375 500 14 0 19
003369 375 500 19 14 0
003370 332 500 18
003373 375 500 11 14
003373 375 500 14 11
003374 359 480 11 15 19
003374 359 480 15 11 19
003374 359 480 19 15 11
003376 375 500 4 8 14
003376 375 500 8 4 14
003376 375 500 14 8 4
003377 500 375 2
003379 333 500 6
003380 375 500 14
003382 500 375 14 16
003382 500 375 16 14
003386 281 500 0 14
003386 281 500 14 0
003390 375 500 6 14
003390 375 500 14 6
003391 375 500 13 14
003391 375 500 14 13
003392 375 500 7
003395 500 375 1 14 17
003395 500 375 14 1 17
003395 500 375 17 14 1
003396 344 500 13 14
003396 344 500 14 13
003397 375 500 6 14
003397 375 500 14 6
003398 375 500 19
003401 281 500 8 19
003401 281 500 19 8
003403 334 500 12 14
003403 334 500 14 12
003404 375 500 3
003406 375 500 6 14
003406 375 500 14 6
003407 375 500 5 14
003407 375 500 14 5
003408 375 500 17
003410 375 500 9
003412 500 332 13 14
003412 500 332 14 13
003413 375 500 3
003415 374 500 7
003416 333 500 2 14
003416 333 500 14 2
003417 335 500 14 18
003417 335 500 18 14
003419 375 500 15
003420 375 500 6
003421 500 375 8
003422 375 500 8 10 14
003422 375 500 10 8 14
003422 375 500 14 10 8
003424 500 333 12 14
003424 500 333 14 12
003425 375 500 11
003429 351 480 12 14
003429 351 480 14 12
003430 375 500 11
003433 500 375 1 8 14
003433 500 375 8 1 14
003433 500 375 14 8 1
003435 334 500 14
003436 375 500 12 14 15
003436 375 500 14 12 15
003436 375 500 15 14 12
003439 333 500 9
003441 375 500 5
003443 375 500 11
003444 270 369 17
003449 375 500 4 19
003449 375 500 19 4
003450 388 500 14 15 17
003450 388 500 15 14 17
003450 388 500 17 15 14
003451 333 500 4 8 17 19
003451 333 500 8 4 17 19
003451 333 500 17 8 4 19
003451 333 500 19 8 17 4
003452 500 333 8 10
003452 500 333 10 8
003453 375 500 14 17
003453 375 500 17 14
003455 333 500 0 14
003455 333 500 14 0
003458 500 328 2
003461 333 500 6 8
003461 333 500 8 6
003462 375 500 11 14 15
003462 375 500 14 11 15
003462 375 500 15 14 11
003464 327 500 18
003465 375 500 14
003466 375 500 10 14 15
003466 375 500 14 10 15
003466 375 500 15 14 10
003468 375 500 1 14
003468 375 500 14 1
003469 375 500 1 14
003469 375 500 14 1
003470 500 333 13 14
003470 500 333 14 13
003477 375 500 8
003484 333 500 6 14
003484 333 500 14 6
003487 375 500 14 19
003487 375 500 19 14
003489 375 500 11
003491 375 500 11
003492 366 500 12 14
003492 366 500 14 12
003493 372 500 0
003496 333 500 4 14
003496 333 500 14 4
003497 335 500 18
003499 375 500 18
003500 375 500 7
003506 332 500 15
003508 500 333 11
003509 500 375 15
003510 375 500 8 14
003510 375 500 14 8
003511 332 500 1
003516 333 500 8 10
003516 333 500 10 8
003518 333 500 8 14
003518 333 500 14 8
003519 375 500 2
003521 375 500 8 14
003521 375 500 14 8
003522 375 500 7
003524 500 459 2
003525 375 500 7
003528 375 500 14 17
003528 375 500 17 14
003529 333 500 10 14
003529 333 500 14 10
003530 375 500 14 17
003530 375 500 17 14
003536 375 500 11 14
003536 375 500 14 11
003537 291 500 18
003539 375 500 13 14
003539 375 500 14 13
003546 375 500 7
003548 375 500 14
003549 278 370 1
003550 500 333 14
003551 375 500 6
003554 333 500 0
003555 375 500 6 15
003555 375 500 15 6
003556 500 357 4 14
003556 500 357 14 4
003564 335 500 18
003565 375 500 2
003566 500 375 4 14
003566 500 375 14 4
003567 331 500 13 14
003567 331 500 14 13
003575 375 500 14 17
003575 375 500 17 14
003576 265 500 5 13 14
003576 265 500 13 5 14
003576 265 500 14 13 5
003577 375 500 4 10 14
003577 375 500 10 4 14
003577 375 500 14 10 4
003580 500 398 14
003585 500 333 13 14
003585 500 333 14 13
003586 212 320 7
003587 361 500 6 18
003587 361 500 18 6
003588 333 500 8
003589 358 500 1 14
003589 358 500 14 1
003593 333 500 16
003594 482 500 2
003596 375 500 6
003597 500 421 18
003599 332 500 1
003603 375 500 10 14
003603 375 500 14 10
003604 375 500 11 19
003604 375 500 19 11
003605 386 500 18
003606 375 500 6
003608 375 500 6
003609 270 360 8 17
003609 270 360 17 8
003611 375 500 12 14
003611 375 500 14 12
003614 375 500 2
003618 332 500 12 14
003618 332 500 14 12
003620 333 500 7
003621 343 500 1 5 14
003621 343 500 5 1 14
003621 343 500 14 5 1
003622 375 500 15
003623 375 500 2
003625 332 500 12 14
003625 332 500 14 12
003627 333 500 11
003628 333 500 14 18
003628 333 500 18 14
003629 375 500 15
003632 375 500 11
003634 281 500 6
003635 375 500 5
003636 375 500 5 6
003636 375 500 6 5
003638 375 500 8 10 14
003638 375 500 10 8 14
003638 375 500 14 10 8
003639 375 500 3
003640 375 500 9
003642 260 500 5
003644 281 500 8 10 14
003644 281 500 10 8 14
003644 281 500 14 10 8
003645 330 500 12 14
003645 330 500 14 12
003646 375 500 2
003648 375 500 14 17
003648 375 500 17 14
003651 360 480 14 18
003651 360 480 18 14
003654 500 375 14
003655 500 375 6 14
003655 500 375 14 6
003656 313 500 7
003657 344 500 3
003658 341 500 1
003660 500 375 19
003662 500 333 8 14 19
003662 500 333 14 8 19
003662 500 333 19 14 8
003663 333 500 14
003664 375 500 8 14
003664 375 500 14 8
003667 500 448 0
003669 375 500 3 14
003669 375 500 14 3
003671 333 500 11
003673 375 500 11
003674 375 500 7
003675 333 500 2
003678 332 500 4 10 14 19
003678 332 500 10 4 14 19
003678 332 500 14 10 4 19
003678 332 500 19 10 14 4
003679 332 500 2
003681 375 500 11 16
003681 375 500 16 11
003684 500 375 13
003685 375 500 14 18
003685 375 500 18 14
003688 333 500 14
003690 375 500 14 17
003690 375 500 17 14
003691 500 333 12 14
003691 500 333 14 12
003694 333 500 8 14 15 17 19
003694 333 500 14 8 15 17 19
003694 333 500 15 14 8 17 19
003694 333 500 17 14 15 8 19
003694 333 500 19 14 15 17 8
003695 318 480 18
003696 332 500 12 14
003696 332 500 14 12
003698 375 500 16
003699 375 500 14 15 17
003699 375 500 15 14 17
003699 375 500 17 15 14
003700 375 500 14
003703 375 500 6 14
003703 375 500 14 6
003704 375 500 2
003705 375 500 16
003706 375 500 13 14
003706 375 500 14 13
003708 500 375 8 10 14
003708 500 375 10 8 14
003708 500 375 14 10 8
003709 375 500 18
003711 396 500 5 6 14
003711 396 500 6 5 14
003711 396 500 14 6 5
003713 375 500 6
003714 375 500 16
003717 334 500 1 14
003717 334 500 14 1
003721 333 500 6
003722 339 500 3
003727 500 333 2
003729 375 500 4
003732 500 375 12 14
003732 500 375 14 12
003735 345 480 12 14
003735 345 480 14 12
003740 375 500 11 14
003740 375 500 14 11
003743 281 500 17
003748 375 500 2
003749 375 500 14
003750 375 500 2 9
003750 375 500 9 2
003751 334 500 7 8 14 17 19
003751 334 500 8 7 14 17 19
003751 334 500 14 8 7 17 19
003751 334 500 17 8 14 7 19
003751 334 500 19 8 14 17 7
003752 375 500 18
003753 375 500 8 11
003753 375 500 11 8
003754 357 500 12
003758 333 500 15
003759 375 500 14 19
003759 375 500 19 14
003760 375 500 11 13 14
003760 375 500 13 11 14
003760 375 500 14 13 11
003763 375 500 7
003767 375 500 8
003772 375 500 12
003773 333 500 0
003774 375 500 11
003779 465 480 12 14
003779 465 480 14 12
003780 500 375 7 14 19
003780 500 375 14 7 19
003780 500 375 19 14 7
003781 375 500 14
003783 500 375 4
003784 500 328 1
003786 281 500 5
003788 281 500 7 8
003788 281 500 8 7
003790 375 500 6
003791 375 500 8 10 15
003791 375 500 10 8 15
003791 375 500 15 10 8
003792 338 500 11
003793 500 375 7 17
003793 500 375 17 7
003796 375 500 15
003797 414 500 3 14
003797 414 500 14 3
003798 389 500 6
003803 500 375 2
003806 282 500 6
003807 375 500 7
003808 333 500 19
003809 333 500 6
003811 374 500 3 14
003811 374 500 14 3
003814 374 500 7
003817 333 500 14
003818 335 500 18
003820 375 500 6 14
003820 375 500 14 6
003821 375 500 11
003824 500 333 6 13 14
003824 500 333 13 6 14
003824 500 333 14 13 6
003826 331 500 13 14
003826 331 500 14 13
003827 330 500 1 14
003827 330 500 14 1
003828 500 403 2
003830 344 500 18
003834 375 500 15
003835 375 500 5 6
003835 375 500 6 5
003837 500 375 8
003838 375 500 14
003844 375 500 7
003845 375 500 17
003846 333 500 11
003847 375 500 14
003848 176 500 18
003849 332 500 13 14
003849 332 500 14 13
003855 375 500 1 13 14
003855 375 500 13 1 14
003855 375 500 14 13 1
003856 370 500 14
003857 500 375 8
003859 500 375 4 8 10 14
003859 500 375 8 4 10 14
003859 500 375 10 8 4 14
003859 500 375 14 8 10 4
003860 333 500 3 14
003860 333 500 14 3
003861 334 500 3
003863 335 500 3 14
003863 335 500 14 3
003865 375 500 4 8 10 14
003865 375 500 8 4 10 14
003865 375 500 10 8 4 14
003865 375 500 14 8 10 4
003866 338 500 18
003868 375 500 14
003869 333 500 11 14
003869 333 500 14 11
003871 500 333 2
003872 375 500 11
003874 375 500 16
003876 382 500 0
003877 375 500 14 15 17
003877 375 500 15 14 17
003877 375 500 17 15 14
003879 375 500 14
003885 500 375 6
003886 332 500 0
003887 500 361 9
003889 318 480 8 12 14
003889 318 480 12 8 14
003889 318 480 14 12 8
003890 500 374 7
003891 500 332 6 14
003891 500 332 14 6
003895 332 500 18
003898 185 500 2
003899 375 500 11 14
003899 375 500 14 11
003905 357 500 2
003907 375 500 8 17
003907 375 500 17 8
003911 293 500 17 19
003911 293 500 19 17
003912 394 500 7
003913 375 500 14
003915 375 500 11 14
003915 375 500 14 11
003918 500 396 2
003919 375 500 3 5
003919 375 500 5 3
003921 375 500 11
003923 333 500 8 10 14
003923 333 500 10 8 14
003923 333 500 14 10 8
003924 500 375 15
003926 500 339 18
003932 500 375 4 14 15
003932 500 375 14 4 15
003932 500 375 15 14 4
003935 375 500 11
003936 330 500 6
003937 333 500 7
003939 198 500 12 14
003939 198 500 14 12
003941 375 500 13
003945 334 500 1 14
003945 334 500 14 1
003946 500 333 11 14
003946 500 333 14 11
003947 500 375 8 10 19
003947 500 375 10 8 19
003947 500 375 19 10 8
003948 224 320 12 14
003948 224 320 14 12
003949 332 500 2
003953 500 375 14 17
003953 500 375 17 14
003954 333 500 6
003956 500 375 15
003957 332 500 18
003960 375 500 12 14
003960 375 500 14 12
003961 500 375 14
003963 375 500 14 17 19
003963 375 500 17 14 19
003963 375 500 19 17 14
003965 375 500 2
003966 500 375 5 14
003966 500 375 14 5
003969 334 500 2 11
003969 334 500 11 2
003970 480 318 12 14
003970 480 318 14 12
003971 375 500 6
003973 375 500 5 6 14
003973 375 500 6 5 14
003973 375 500 14 6 5
003974 380 500 3 6 14
003974 380 500 6 3 14
003974 380 500 14 6 3
003979 333 500 2
003983 333 500 19
003984 387 500 7
003986 375 500 11 14 17
003986 375 500 14 11 17
003986 375 500 17 14 11
003987 500 333 6
003988 336 448 8
003990 375 500 11
003991 389 500 7
003992 334 500 13 14
003992 334 500 14 13
003993 333 500 0
003994 375 500 9 14
003994 375 500 14 9
003996 375 500 14
003997 322 500 6
003998 375 500 6
004003 375 500 13
004005 373 500 18
004008 333 500 11 14
004008 333 500 14 11
004009 366 500 0
004010 418 500 14 17
004010 418 500 17 14
004011 333 500 6
004012 500 375 8 14
004012 500 375 14 8
004013 423 500 2
004014 500 375 8 14
004014 500 375 14 8
004015 375 500 11
004016 375 500 7 14
004016 375 500 14 7
004017 375 500 14 15
004017 375 500 15 14
004019 375 500 6 14
004019 375 500 14 6
004020 375 500 14 19
004020 375 500 19 14
004023 375 500 9
004025 333 500 2
004028 375 500 8 14 15
004028 375 500 14 8 15
004028 375 500 15 14 8
004031 375 500 7 14 17
004031 375 500 14 7 17
004031 375 500 17 14 7
004033 342 500 13 14
004033 342 500 14 13
004034 500 375 11
004035 375 500 7 11
004035 375 500 11 7
004037 500 338 15
004039 500 375 14
004046 335 500 2 14
004046 335 500 14 2
004047 471 500 7 8 10 14
004047 471 500 8 7 10 14
004047 471 500 10 8 7 14
004047 471 500 14 8 10 7
004051 403 480 12 14
004051 403 480 14 12
004052 319 500 0
004057 329 500 1
004058 500 333 14
004060 375 500 14 17
004060 375 500 17 14
004066 375 500 17
004067 331 500 13 14
004067 331 500 14 13
004069 375 500 2
004073 375 500 5 6 14
004073 375 500 6 5 14
004073 375 500 14 6 5
004075 500 375 4 14
004075 500 375 14 4
004076 375 500 7
004077 375 500 11 12 14
004077 375 500 12 11 14
004077 375 500 14 12 11
004082 375 500 1
004085 375 500 11 14
004085 375 500 14 11
004087 375 500 5 6
004087 375 500 6 5
004089 334 500 6 14
004089 334 500 14 6
004091 375 500 6 14
004091 375 500 14 6
004092 375 500 14
004093 333 500 8
004095 334 500 11
004100 333 500 19
004102 375 500 18
004105 375 500 8 15 17
004105 375 500 15 8 17
004105 375 500 17 15 8
004106 375 500 8 17 19
004106 375 500 17 8 19
004106 375 500 19 17 8
004108 333 500 6
004110 375 500 4 14
004110 375 500 14 4
004111 375 500 8 14 19
004111 375 500 14 8 19
004111 375 500 19 14 8
004113 375 500 11
004117 348 480 12 14
004117 348 480 14 12
004120 333 500 5
004121 332 500 14 15
004121 332 500 15 14
004122 500 375 14
004129 375 500 7
004131 333 500 2
004133 334 500 14
004135 333 500 0
004136 375 500 1 5 6 14
004136 375 500 5 1 6 14
004136 375 500 6 5 1 14
004136 375 500 14 5 6 1
004137 375 500 11 14
004137 375 500 14 11
004138 480 320 14
004140 375 500 1 4
004140 375 500 4 1
004141 500 420 9 14
004141 500 420 14 9
004142 375 500 8 11 14 17
004142 375 500 11 8 14 17
004142 375 500 14 11 8 17
004142 375 500 17 11 14 8
004143 375 500 2
004145 375 500 6 13 14
004145 375 500 13 6 14
004145 375 500 14 13 6
004146 375 500 12
004148 332 500 19
004149 375 500 7 8 10
004149 375 500 8 7 10
004149 375 500 10 8 7
004150 500 333 7 19
004150 500 333 19 7
004152 500 375 4
004158 333 500 4 14
004158 333 500 14 4
004163 500 500 19
004164 375 500 8 17 19
004164 375 500 17 8 19
004164 375 500 19 17 8
004168 439 500 12 14
004168 439 500 14 12
004169 500 333 14
004170 335 500 3 14
004170 335 500 14 3
004171 500 446 2
004174 454 500 5
004178 307 500 11
004185 375 500 7
004186 375 500 5 6
004186 375 500 6 5
004189 333 500 11
004190 375 500 19
004191 500 332 13 14
004191 500 332 14 13
004192 375 500 19
004193 375 500 4 8 19
004193 375 500 8 4 19
004193 375 500 19 8 4
004194 500 455 3
004195 375 500 12 14
004195 375 500 14 12
004196 336 500 0
004200 270 375 9
004201 375 500 8 14
004201 375 500 14 8
004203 385 500 6
004204 375 500 2
004205 333 500 14
004209 375 500 11 14
004209 375 500 14 11
004212 375 500 7 15
004212 375 500 15 7
004215 375 500 13
004220 333 500 2
004221 375 500 2
004223 327 500 14
004224 375 500 0 14
004224 375 500 14 0
004228 294 500 6
004229 375 500 13 14
004229 375 500 14 13
004230 333 500 14
004231 354 500 6 14 19
004231 354 500 14 6 19
004231 354 500 19 14 6
004232 263 500 11 14
004232 263 500 14 11
004237 375 500 14 19
004237 375 500 19 14
004239 500 333 16
004241 375 500 3
004242 375 500 6
004244 375 500 6 14
004244 375 500 14 6
004246 375 500 3 14
004246 375 500 14 3
004247 400 500 2
004253 375 500 8 10
004253 375 500 10 8
004255 376 500 13
004256 323 500 18
004257 375 500 8 14
004257 375 500 14 8
004258 375 500 3 14
004258 375 500 14 3
004259 375 500 8 14 17
004259 375 500 14 8 17
004259 375 500 17 14 8
004263 335 500 2
004264 375 500 11
004265 375 500 14
004269 332 500 14
004270 375 500 8 14
004270 375 500 14 8
004271 500 432 2
004272 500 375 11
004273 375 500 14
004274 375 500 15 19
004274 375 500 19 15
004275 500 375 13 14 15
004275 500 375 14 13 15
004275 500 375 15 14 13
004279 375 500 4 10 14
004279 375 500 10 4 14
004279 375 500 14 10 4
004280 500 333 4
004281 375 500 14 18
004281 375 500 18 14
004283 500 375 13
004284 263 500 6
004286 333 500 0
004287 400 500 7 14
004287 400 500 14 7
004291 500 375 4 14
004291 500 375 14 4
004292 500 374 14 15
004292 500 374 15 14
004293 374 500 11
004295 375 500 6
004296 500 375 4 10 14
004296 500 375 10 4 14
004296 500 375 14 10 4
004298 375 500 11 14 17
004298 375 500 14 11 17
004298 375 500 17 14 11
004300 375 500 13
004303 281 500 5 6
004303 281 500 6 5
004304 375 500 6 14
004304 375 500 14 6
004307 332 500 12
004310 333 500 7 8
004310 333 500 8 7
004312 375 500 16
004315 500 335 18
004318 500 375 11
004321 333 500 13 14
004321 333 500 14 13
004322 500 333 4 14
004322 500 333 14 4
004323 500 332 12 14
004323 500 332 14 12
004325 500 390 3
004326 349 500 2
004327 422 500 11 14
004327 422 500 14 11
004329 375 500 6 14
004329 375 500 14 6
004331 375 500 19
004333 375 500 4
004338 333 500 13
004339 500 332 12 14
004339 500 332 14 12
004341 375 500 19
004345 332 500 7
004346 375 500 6 14
004346 375 500 14 6
004347 333 500 2
004349 376 500 2
004351 333 500 0
004352 375 500 11
004354 333 500 18
004356 375 500 1 14
004356 375 500 14 1
004359 375 500 1 14
004359 375 500 14 1
004360 500 333 14
004361 375 500 13 14
004361 375 500 14 13
004364 332 500 8 15 17
004364 332 500 15 8 17
004364 332 500 17 15 8
004365 374 500 6
004367 375 500 6
004368 374 500 9
004369 375 500 17
004370 333 500 4 14
004370 333 500 14 4
004371 491 500 3
004372 332 500 12 14
004372 332 500 14 12
004376 374 500 7
004379 375 500 0
004380 500 333 13 14
004380 500 333 14 13
004384 375 500 6 14
004384 375 500 14 6
004386 333 500 6 18
004386 333 500 18 6
004387 375 500 3 5 6 14
004387 375 500 5 3 6 14
004387 375 500 6 5 3 14
004387 375 500 14 5 6 3
004389 500 327 12 14
004389 500 327 14 12
004390 333 500 0
004391 333 500 0
004392 375 500 8 14 15
004392 375 500 14 8 15
004392 375 500 15 14 8
004396 375 500 0
004397 500 377 14
004404 375 500 7 14
004404 375 500 14 7
004405 500 333 8 10
004405 500 333 10 8
004409 323 500 11
004411 375 500 18
004421 500 375 8 10
004421 500 375 10 8
004423 375 500 16
004424 500 375 14
004429 374 500 1 6
004429 374 500 6 1
004430 333 500 1
004432 500 500 7
004433 500 342 11 14 15
004433 500 342 14 11 15
004433 500 342 15 14 11
004434 375 500 11
004436 500 332 18
004437 375 500 14 18
004437 375 500 18 14
004438 360 480 11 14 19
004438 360 480 14 11 19
004438 360 480 19 14 11
004439 334 500 6
004441 500 374 9
004446 375 500 7 15
004446 375 500 15 7
004450 500 333 12
004452 375 500 0
004455 333 500 7 15
004455 333 500 15 7
004457 375 500 14
004459 375 500 0 14
004459 375 500 14 0
004463 324 432 13 14
004463 324 432 14 13
004464 375 500 3 11 14
004464 375 500 11 3 14
004464 375 500 14 11 3
004466 375 500 4 14
004466 375 500 14 4
004468 500 174 4
004470 375 500 0 14
004470 375 500 14 0
004471 500 281 14
004474 375 500 9
004479 375 500 4 14
004479 375 500 14 4
004481 411 500 6 14
004481 411 500 14 6
004484 375 500 8 10 15
004484 375 500 10 8 15
004484 375 500 15 10 8
004487 500 334 12 14
004487 500 334 14 12
004488 375 500 6
004490 375 500 16
004493 375 500 4 10
004493 375 500 10 4
004494 332 500 6 14
004494 332 500 14 6
004495 375 500 4 14
004495 375 500 14 4
004496 333 500 8 14
004496 333 500 14 8
004498 500 332 3
004499 375 500 14 17
004499 375 500 17 14
004500 360 480 9
004502 413 500 7
004507 375 500 13
004508 334 500 4 14
004508 334 500 14 4
004509 500 333 1 14
004509 500 333 14 1
004510 375 500 8 19
004510 375 500 19 8
004512 332 500 8 11 14
004512 332 500 11 8 14
004512 332 500 14 11 8
004514 375 500 19
004517 500 421 14
004518 375 500 14
004519 375 500 6
004520 478 500 14
004524 375 500 2
004526 375 500 6
004527 500 500 16
004528 500 310 0 14
004528 500 310 14 0
004530 375 500 5 14
004530 375 500 14 5
004532 374 500 3
004535 445 480 12 14
004535 445 480 14 12
004537 388 500 9 12 14
004537 388 500 12 9 14
004537 388 500 14 12 9
004539 375 500 6
004540 500 333 17
004542 376 500 14 17
004542 376 500 17 14
004544 334 500 5 6
004544 334 500 6 5
004548 367 500 11
004549 375 500 8 17 19
004549 375 500 17 8 19
004549 375 500 19 17 8
004551 375 500 11
004552 375 500 5
004553 334 500 12 14
004553 334 500 14 12
004555 333 500 0
004558 500 333 15
004562 500 375 14 17
004562 500 375 17 14
004563 333 500 6 14
004563 333 500 14 6
004565 500 500 11
004566 375 500 7
004570 375 500 0
004571 323 500 9 14
004571 323 500 14 9
004574 500 334 8 14
004574 500 334 14 8
004576 333 500 6
004579 372 500 18
004581 333 500 5 6
004581 333 500 6 5
004584 375 500 17
004585 375 500 9
004587 500 333 11
004588 500 411 4 14
004588 500 411 14 4
004591 333 500 6 18
004591 333 500 18 6
004592 375 500 3
004595 375 500 11 14
004595 375 500 14 11
004597 375 500 8
004600 375 500 7
004601 333 500 13 14
004601 333 500 14 13
004604 375 500 6 13 14
004604 375 500 13 6 14
004604 375 500 14 13 6
004605 333 500 1 14
004605 333 500 14 1
004606 375 500 0
004607 375 500 8 14 17
004607 375 500 14 8 17
004607 375 500 17 14 8
004609 500 375 11 14
004609 500 375 14 11
004611 375 500 8 10 14
004611 375 500 10 8 14
004611 375 500 14 10 8
004612 332 500 2
004618 500 375 6
004622 500 375 1 14
004622 500 375 14 1
004623 378 500 2
004625 375 500 12
004626 333 500 18
004627 375 500 18
004628 333 500 7
004630 375 500 5 14
004630 375 500 14 5
004631 500 375 8 14 15
004631 500 375 14 8 15
004631 500 375 15 14 8
004632 375 500 11
004634 500 460 12
004636 280 500 2
004643 374 500 0
004644 333 500 11
004647 333 500 13 14
004647 333 500 14 13
004648 375 500 5 14
004648 375 500 14 5
004649 335 500 18
004651 375 500 3
004652 333 500 19
004653 500 333 14
004654 357 500 7 8
004654 357 500 8 7
004655 350 500 8 10
004655 350 500 10 8
004656 500 375 12 14
004656 500 375 14 12
004660 375 500 6 14
004660 375 500 14 6
004662 500 332 12 14
004662 500 332 14 12
004671 500 317 4
004672 375 500 1 14
004672 375 500 14 1
004673 333 500 1 14
004673 333 500 14 1
004674 333 500 0
004675 190 500 18
004676 375 500 1 14
004676 375 500 14 1
004679 375 500 11 14
004679 375 500 14 11
004682 375 500 15
004683 375 500 7
004685 500 333 14
004686 322 500 9 12 14
004686 322 500 12 9 14
004686 322 500 14 12 9
004687 375 500 6 13 14
004687 375 500 13 6 14
004687 375 500 14 13 6
004689 375 500 18
004691 375 500 6 18
004691 375 500 18 6
004692 500 375 8 11 14
004692 500 375 11 8 14
004692 500 375 14 11 8
004693 333 500 14 18
004693 333 500 18 14
004694 500 252 13 14
004694 500 252 14 13
004699 378 500 14 15
004699 378 500 15 14
004701 375 500 4
004702 307 500 2
004705 330 500 5 6
004705 330 500 6 5
004706 357 500 1 14
004706 357 500 14 1
004707 500 375 14 15
004707 500 375 15 14
004708 375 500 7 17
004708 375 500 17 7
004710 331 500 4
004714 375 500 8 15 17
004714 375 500 15 8 17
004714 375 500 17 15 8
004715 375 500 14
004718 375 500 4 14
004718 375 500 14 4
004719 333 500 5 6
004719 333 500 6 5
004722 375 500 12 14
004722 375 500 14 12
004723 375 500 14
004727 500 500 5 6 14
004727 500 500 6 5 14
004727 500 500 14 6 5
004732 500 375 8 14
004732 500 375 14 8
004735 375 500 8
004737 333 500 11
004742 375 500 4 8 10 14 15
004742 375 500 8 4 10 14 15
004742 375 500 10 8 4 14 15
004742 375 500 14 8 10 4 15
004742 375 500 15 8 10 14 4
004743 375 500 7
004746 335 500 18
004747 375 500 6
004748 375 500 0 6
004748 375 500 6 0
004750 331 500 6 13 14
004750 331 500 13 6 14
004750 331 500 14 13 6
004753 375 500 4 8 14
004753 375 500 8 4 14
004753 375 500 14 8 4
004754 500 375 17 19
004754 500 375 19 17
004760 375 500 11 14
004760 375 500 14 11
004761 500 375 1 14
004761 500 375 14 1
004768 375 500 16
004770 500 335 14
004773 500 375 8 10 19
004773 500 375 10 8 19
004773 500 375 19 10 8
004776 375 500 18
004777 395 500 11
004779 375 500 6 14
004779 375 500 14 6
004782 334 500 1 14
004782 334 500 14 1
004783 334 500 2
004785 331 500 8 10
004785 331 500 10 8
004786 375 500 6
004788 388 480 12 14
004788 388 480 14 12
004789 332 500 12 14
004789 332 500 14 12
004790 375 500 14
004792 500 375 7
004793 375 500 6
004794 329 500 2
004796 375 500 13 14
004796 375 500 14 13
004797 333 500 1 14
004797 333 500 14 1
004799 500 341 2
004801 333 500 14
004805 333 500 6 13
004805 333 500 13 6
004808 375 500 6
004812 362 500 0 14
004812 362 500 14 0
004814 333 500 7
004815 332 500 12 14
004815 332 500 14 12
004816 333 500 11
004818 400 500 8
004823 375 500 6
004825 500 375 15
004826 375 500 9 14
004826 375 500 14 9
004828 483 500 6 14
004828 483 500 14 6
004830 333 500 6 14
004830 333 500 14 6
004831 333 500 14
004832 471 474 7 14
004832 471 474 14 7
004834 480 387 12 14
004834 480 387 14 12
004836 446 500 13
004837 375 500 8 17
004837 375 500 17 8
004839 500 332 3
004840 375 500 13 14
004840 375 500 14 13
004841 375 500 0
004842 333 500 16
004846 338 500 14 17
004846 338 500 17 14
004848 490 500 2
004849 500 336 18
004850 375 500 6
004852 375 500 14
004856 500 368 7
004857 375 500 8 10 14
004857 375 500 10 8 14
004857 375 500 14 10 8
004859 500 375 8 14
004859 500 375 14 8
004863 375 500 6
004866 375 500 7
004867 333 500 18
004868 375 500 10 14 19
004868 375 500 14 10 19
004868 375 500 19 14 10
004869 500 350 2
004872 375 500 12 14
004872 375 500 14 12
004873 375 500 6
004876 248 500 2
004878 375 500 7 17
004878 375 500 17 7
004879 330 500 1 14
004879 330 500 14 1
004882 333 500 13 14
004882 333 500 14 13
004885 375 500 3
004886 375 500 4 14
004886 375 500 14 4
004890 380 500 6
004895 371 500 15
004896 332 500 0
004897 333 500 14
004898 375 500 14 15
004898 375 500 15 14
004902 375 500 12 14
004902 375 500 14 12
004903 331 500 6 17
004903 331 500 17 6
004905 333 500 0
004907 333 500 7
004910 500 333 5
004911 375 500 18
004912 375 500 1 8
004912 375 500 8 1
004913 375 500 14
004916 333 500 4 14 19
004916 333 500 14 4 19
004916 333 500 19 14 4
004926 375 500 4 8 10 17
004926 375 500 8 4 10 17
004926 375 500 10 8 4 17
004926 375 500 17 8 10 4
004928 333 500 14
004929 375 500 11
004931 375 500 3 14
004931 375 500 14 3
004935 500 332 12 14
004935 500 332 14 12
004936 375 500 1
004938 375 500 17
004939 333 500 8 14 15
004939 333 500 14 8 15
004939 333 500 15 14 8
004943 333 500 4 10 14
004943 333 500 10 4 14
004943 333 500 14 10 4
004946 500 375 6 14
004946 500 375 14 6
004948 375 500 15
004950 196 320 12 14
004950 196 320 14 12
004951 375 500 18
004953 358 500 1 5 14
004953 358 500 5 1 14
004953 358 500 14 5 1
004954 500 450 14 16
004954 500 450 16 14
004955 374 500 7 19
004955 374 500 19 7
004956 500 333 8 19
004956 500 333 19 8
004958 333 500 3
004960 500 426 15
004961 333 500 6
004962 333 500 6
004963 334 500 7
004966 326 500 2
004967 357 500 13
004968 500 329 12 14
004968 500 329 14 12
004972 500 393 2
004973 375 500 6
004974 329 500 2
004976 338 500 10 14
004976 338 500 14 10
004977 375 500 11 14
004977 375 500 14 11
004982 333 500 0
004983 500 338 1 6
004983 500 338 6 1
004984 375 500 8
004985 375 500 7 14
004985 375 500 14 7
004986 500 375 8
004987 500 307 14
004990 375 500 14 17
004990 375 500 17 14
004991 375 500 8 10 15
004991 375 500 10 8 15
004991 375 500 15 10 8
